65.7248	16.2943	-38.7558	85.1441	124.537	92.2154	
64.5743	28.2751	-36.1369	100.916	145.049	108.904	
59.9929	34.2273	-33.2126	122.708	156.496	123.192	
56.9557	35.5855	-30.404	134.55	157.893	122.201	
57.9782	33.6768	-27.6699	124.777	151.708	96.6932	
61.3472	28.8977	-24.8932	109.947	138.88	63.9563	
63.9503	21.4914	-21.8209	98.6616	122.65	32.8682	
64.2851	12.2597	-18.2838	90.2706	106.47	3.92952	
62.6219	2.38333	-14.3992	83.2936	92.3097	-22.4343	
59.9185	-7.06238	-10.4239	76.9571	81.3236	-45.1183	
57.1664	-15.1797	-6.73355	71.5163	74.0466	-62.9579	
55.1367	-21.588	-3.31094	67.6162	70.6065	-75.11	
54.0186	-26.5104	-0.0961435	65.5873	70.0841	-82.3837	
53.7697	-30.2821	3.07606	65.3105	71.6828	-85.6131	
54.2831	-33.1734	6.35392	66.4891	74.8562	-85.4469	
55.4084	-35.3339	9.68587	68.9136	79.0697	-82.6571	
56.9849	-36.9198	13.0745	72.2489	83.9227	-77.9015	
58.844	-38.1257	16.6012	76.112	89.1083	-71.7991	
60.8031	-39.0953	20.2322	80.2224	94.2155	-65.1104	
62.6773	-40.0228	24.0176	84.253	98.8632	-58.5752	
64.2791	-41.1373	28.0559	87.858	102.66	-52.9567	
65.4648	-42.7048	32.5708	90.7155	105.358	-48.8046	
66.2435	-44.7052	37.5058	92.8392	106.973	-46.0888	
66.6716	-47.1188	42.8831	94.2945	107.676	-44.5253	
66.8073	-49.9318	48.745	95.1658	107.635	-43.8018	
66.7116	-53.1797	55.2378	95.5588	107.025	-43.5387	
66.446	-57.0152	62.745	95.6215	105.991	-43.2273	
66.073	-62.5733	73.6249	95.7498	104.579	-41.3389	
65.5951	-65.6856	79.5624	95.184	102.356	-41.8133	
65.1685	-65.8038	79.5624	93.8317	100.716	-44.8807	
64.8658	-65.8488	79.5624	92.5437	99.7997	-47.1723	
64.7306	-65.7969	79.5624	91.425	99.7717	-48.4551	
64.7461	-63.9319	76.0922	90.1597	100.49	-50.5829	
64.7958	-57.3849	63.343	88.568	100.085	-56.6158	
64.9095	-53.1666	55.3723	87.664	99.6858	-59.5741	
65.0646	-49.5802	48.7337	87.0212	99.4082	-61.38	
65.2339	-46.3809	42.8999	86.5362	99.2218	-62.4616	
65.3906	-43.4962	37.6932	86.1648	99.0614	-63.0693	
65.5122	-40.9574	33.1448	85.8687	98.9017	-63.3416	
65.5813	-38.8486	29.3933	85.5947	98.756	-63.3526	
65.5736	-37.1541	26.3836	85.3601	98.5011	-63.2917	
65.4853	-35.9816	24.3114	85.1059	98.196	-63.1617	
65.3346	-35.2297	22.985	84.8673	97.8185	-63.0495	
65.1499	-34.8303	22.2826	84.6558	97.4173	-62.9661	
64.9583	-34.7255	22.1014	84.4824	97.0415	-62.9141	
64.7858	-34.8613	22.3456	84.3607	96.7378	-62.8938	
64.6584	-35.1865	22.9234	84.3061	96.5515	-62.9045	
64.6019	-35.6514	23.7461	84.3353	96.5278	-62.9437	
64.6422	-36.2061	24.7238	84.4665	96.7115	-63.0093	
64.8061	-36.7986	25.7629	84.7199	97.146	-63.1001	
65.1228	-37.4032	26.8211	85.0963	97.9106	-63.1817	
65.6012	-37.9123	27.7001	85.6426	98.9548	-63.3175	
66.1975	-38.3064	28.388	86.3017	100.22	-63.4719	
66.8511	-38.5472	28.8394	87.0178	101.596	-63.6361	
67.5001	-38.5983	29.0139	87.7317	102.972	-63.8018	
68.0823	-38.4266	28.8771	88.3816	104.239	-63.9604	
68.5318	-37.9806	28.3582	88.9166	105.267	-64.1279	
68.7908	-37.2848	27.5328	89.251	106.004	-64.2386	
68.7922	-36.284	26.3202	89.3445	106.306	-64.3171	
68.4732	-34.9545	24.697	89.1496	106.056	-64.353	
67.7729	-33.274	22.6381	88.6291	105.136	-64.3328	
66.6617	-31.2397	20.1309	87.783	103.462	-64.2557	
65.228	-28.9412	17.2591	86.701	101.138	-64.1697	
63.5866	-26.4692	14.0922	85.5083	98.2884	-64.164	
61.8579	-23.9803	10.8338	84.2514	95.1365	-64.2505	
60.1508	-21.5617	7.56066	83.0203	91.8231	-64.5278	
58.5726	-19.325	4.40627	81.8569	88.537	-65.0633	
57.2257	-17.3778	1.50551	80.7789	85.4782	-65.9236	
56.2077	-15.8221	-1.00857	79.782	82.8551	-67.1719	
55.6136	-14.7539	-3.00783	78.8462	80.8814	-68.8683	
55.5392	-14.2634	-4.37136	77.9463	79.7716	-71.0719	
56.0469	-14.4044	-5.02549	77.0707	79.6754	-73.7688	
57.0531	-15.1011	-5.05265	76.2488	80.493	-76.6421	
58.4395	-16.2512	-4.57237	75.5375	82.0561	-79.3024	
60.0859	-17.7594	-3.69839	75.0043	84.1928	-81.3577	
61.867	-19.5369	-2.53387	74.7163	86.7316	-82.4086	
63.6507	-21.5011	-1.16696	74.7338	89.5056	-82.0441	
65.2979	-23.575	0.332563	75.1069	92.3552	-79.84	
66.6642	-25.6858	1.91392	75.8753	95.128	-75.3609	
67.6023	-27.7624	3.54195	77.0697	97.6775	-68.1633	
67.9648	-29.7322	5.18958	78.7115	99.858	-57.8026	
67.6437	-31.528	6.82525	80.7827	101.548	-44.0191	
66.6802	-33.1215	8.39949	83.1403	102.733	-27.2759	
65.1562	-34.4873	9.83842	85.6054	103.435	-8.22711	
63.1571	-35.5931	11.0484	87.9968	103.681	12.4666	
60.7694	-36.4025	11.9229	90.1374	103.514	34.1471	
58.0793	-36.8797	12.3515	91.8604	102.987	56.1676	
55.1723	-36.9932	12.2291	93.0145	102.155	77.8998	
52.1322	-36.7222	11.4685	93.4637	101.072	98.7381	
49.0415	-36.0626	10.0131	93.0841	99.7806	118.101	
45.9807	-35.0284	7.83839	91.7606	98.308	135.427	
43.0186	-33.6655	4.99573	89.417	96.6279	150.251	
40.1801	-32.0869	1.73278	86.1123	94.5675	162.466	
37.4763	-30.4114	-1.67167	81.9334	91.9251	172.042	
34.9138	-28.7445	-4.95903	76.9563	88.5137	178.944	
32.4938	-27.1789	-7.88831	71.2375	84.1664	183.135	
30.2107	-25.7955	-10.2326	64.8033	78.74	184.579	
28.0518	-24.6658	-11.7746	57.6362	72.1166	183.244	
25.9968	-23.8564	-12.3038	49.6613	64.2033	179.112	
24.0323	-23.4516	-11.5673	40.6413	54.9674	172.296	
22.1222	-23.5163	-9.3783	30.2831	44.3382	162.915	
20.2615	-24.1325	-5.54968	17.6757	32.4447	151.954	
18.4355	-25.2288	-0.36421	0.050005	19.8543	143.204	
16.6179	-26.6983	5.79581	-43.0012	8.48025	158.386	
14.8024	-28.4194	12.5188	40.098	-11.2126	47.2886	
12.9655	-30.2527	19.4189	12.2312	-23.5276	48.3763	
11.0961	-32.0066	25.9875	1.08076	-36.2206	35.2556	
9.16705	-33.4237	31.6005	-4.35502	-48.189	20.1062	
7.13593	-34.1582	35.4729	-5.82423	-59.0268	5.7422	
4.99735	-33.8264	36.7311	-3.53696	-68.5632	-6.58593	
2.70207	-32.1177	34.6694	2.50527	-76.6779	-15.5762	
0.270196	-29.1089	29.3465	12.524	-83.3015	-20.0613	
-2.21752	-25.2822	21.8135	25.8942	-88.3858	-19.5877	
-4.6432	-21.1174	13.1106	41.8357	-91.7189	-14.2333	
-6.879	-16.9587	4.00214	59.3786	-92.8858	-4.64916	
-8.82805	-12.987	-5.06267	77.0756	-91.4379	7.94503	
-10.3909	-9.43101	-13.5411	93.4318	-87.4977	21.7225	
-11.5186	-6.41535	-21.0637	107.033	-81.7371	34.9506	
-12.2207	-4.1291	-27.1226	117.037	-75.4374	46.0518	
-12.5581	-2.64463	-31.3488	122.824	-69.8838	53.7274	
-12.6346	-2.06522	-33.2837	124.029	-66.2769	56.5762	
-12.5337	-2.45265	-32.6167	120.529	-65.2463	53.5146	
-12.2869	-3.69283	-29.6707	113.051	-66.2236	45.2401	
-11.8796	-5.71377	-24.8214	102.389	-68.3064	33.0399	
-11.3139	-8.34042	-18.5614	89.0846	-70.4201	18.4968	
-10.6274	-11.4689	-11.2585	73.9165	-71.8919	3.22457	
-9.92474	-14.9176	-3.40952	57.6817	-72.4336	-11.0261	
-9.32315	-18.5148	4.58396	41.5908	-72.3075	-22.9864	
-9.0081	-22.0044	12.1183	26.7634	-72.0749	-31.645	
-9.16065	-25.086	18.5435	14.5797	-72.3342	-36.6834	
-9.94122	-27.3924	23.0697	6.56443	-73.4921	-38.2523	
-11.507	-28.5388	24.9177	3.6647	-75.6625	-36.531	
-13.7798	-28.5243	24.1881	5.41196	-78.7686	-32.1253	
-16.6256	-27.5276	21.366	10.8952	-82.7133	-25.3392	
-19.8949	-25.7957	17.0613	19.2736	-87.3662	-16.2822	
-23.4467	-23.5385	11.8204	29.7839	-92.4305	-5.03201	
-27.1213	-20.9646	6.16668	41.8203	-97.5085	8.11211	
-30.764	-18.2379	0.534928	54.7746	-102.14	22.5959	
-34.2213	-15.4976	-4.69696	67.9288	-105.964	37.5601	
-37.339	-12.8585	-9.208	80.3778	-108.853	51.9034	
-39.9676	-10.4832	-12.6093	91.1566	-111.054	64.3969	
-41.9729	-8.4343	-14.7315	99.3831	-112.924	74.1379	
-43.337	-6.72054	-15.628	105.053	-114.814	81.2073	
-44.0499	-5.27978	-15.4962	108.325	-116.847	85.9817	
-44.0954	-4.05342	-14.5217	109.353	-119.031	88.824	
-43.5039	-3.05109	-12.7887	108.361	-121.379	90.1491	
-42.2453	-2.17206	-10.5379	105.42	-123.689	90.2294	
-40.3405	-1.38081	-7.91425	100.693	-125.802	89.4041	
-37.807	-0.616306	-5.09989	94.3551	-127.5	88.0213	
-34.6701	0.192501	-2.29311	86.6598	-128.55	86.5034	
-30.9622	1.1286	0.287197	77.976	-128.741	85.3812	
-26.7419	2.23317	2.47627	68.8191	-127.926	85.1855	
-22.1144	3.46781	4.14737	59.7886	-125.916	86.1545	
-17.2399	4.70299	5.34986	51.542	-122.651	88.3757	
-12.2922	5.84465	6.08629	44.5821	-118.075	91.8347	
-7.45757	6.73524	6.49643	39.2893	-112.182	96.3509	
-2.90971	7.24821	6.67147	35.8442	-104.863	101.663	
1.24889	7.1417	6.89458	34.3371	-96.0363	107.359	
4.97626	6.25305	7.3071	34.6606	-85.4105	113.058	
8.36136	4.3332	8.18382	36.704	-72.7098	118.255	
11.5811	1.15729	9.76597	40.4445	-57.6037	122.364	
14.8667	-3.39635	12.2319	46.2796	-39.9538	124.471	
18.4079	-9.07293	15.4816	56.7826	-20.3912	121.621	
22.2387	-15.5086	19.3241	-24.5292	4.26969	210.364	
26.3043	-22.3098	23.3682	46.5998	22.681	146.814	
30.4295	-29.1074	27.2958	59.025	43.0324	142.55	
34.4686	-35.5771	30.8208	69.1271	61.9123	141.502	
38.2493	-41.4248	33.6478	79.2954	78.5259	141.276	
41.6204	-46.4031	35.5961	89.5656	92.4375	141.401	
44.4431	-50.3615	36.7021	99.3084	103.548	141.685	
46.5922	-53.1895	37.1035	107.636	111.892	141.937	
47.9875	-54.8493	36.9878	113.735	117.592	141.966	
48.7002	-55.6112	36.7006	117.503	121.117	141.753	
48.8315	-55.6459	36.2723	119.136	122.829	141.238	
48.4892	-55.1285	35.7401	118.94	123.043	140.478	
47.7822	-54.2135	35.0991	117.313	122.037	139.598	
46.8197	-53.0508	34.3355	114.702	120.066	138.775	
45.7108	-51.7959	33.4482	111.564	117.394	138.2	
44.5634	-50.6146	32.4588	108.329	114.302	138.054	
43.4837	-49.6824	31.4099	105.382	111.104	138.49	
42.5756	-49.1791	30.3548	103.06	108.141	139.631	
41.9179	-49.2317	29.3347	101.587	105.709	141.518	
41.4963	-49.7642	28.3523	100.867	103.837	143.984	
41.2742	-50.6474	27.394	100.748	102.472	146.817	
41.2162	-51.7548	26.4487	101.092	101.55	149.816	
41.2877	-52.9671	25.5163	101.773	101.002	152.793	
41.4546	-54.1751	24.6131	102.672	100.763	155.571	
41.6831	-55.2623	23.7379	103.685	100.757	157.964	
41.9407	-56.1804	23.0219	104.666	100.973	159.866	
42.1944	-56.8171	22.4693	105.521	101.336	161.099	
42.4119	-57.0901	22.1441	106.133	101.802	161.52	
42.5678	-56.9423	22.0911	106.414	102.334	161.036	
42.6654	-56.4298	22.2998	106.397	102.919	159.753	
42.7148	-55.6323	22.7379	106.143	103.545	157.825	
42.7257	-54.6275	23.3703	105.71	104.2	155.402	
42.7081	-53.4937	24.1641	105.163	104.87	152.638	
42.672	-52.3145	25.0952	104.564	105.542	149.691	
42.6286	-51.1823	26.1556	103.981	106.208	146.73	
42.591	-50.2275	27.409	103.473	106.888	143.963	
42.5687	-49.5123	28.7818	103.143	107.528	141.525	
42.5755	-49.1792	30.3551	103.06	108.141	139.631	
42.6221	-49.318	32.1549	103.288	108.718	138.433	
42.7093	-49.8616	34.1051	103.789	109.243	137.877	
42.8377	-50.7251	36.149	104.488	109.726	137.885	
43.0025	-51.736	38.0584	105.322	110.115	138.285	
43.2028	-52.7694	39.7016	106.201	110.42	138.959	
43.4364	-53.6673	40.8829	107.038	110.645	139.757	
43.7015	-54.2751	41.4149	107.74	110.804	140.536	
43.996	-54.4476	41.1291	108.217	110.917	141.167	
44.3169	-54.0502	39.8779	108.39	110.987	141.527	
44.6596	-52.9712	37.5577	108.194	110.997	141.519	
45.0166	-51.1742	34.1818	107.606	110.907	141.103	
45.3748	-48.8585	30.1082	106.688	110.728	140.434	
45.713	-46.1492	25.5148	105.54	110.404	139.576	
46.0157	-43.2183	20.6709	104.225	109.965	138.642	
46.2636	-40.1524	15.6768	102.825	109.392	137.66	
46.4448	-37.0956	10.7455	101.368	108.757	136.718	
46.5427	-34.1066	5.92619	99.9224	108.054	135.819	
46.5459	-31.2699	1.32321	98.5335	107.321	134.997	
46.4436	-28.6469	-2.99734	97.2604	106.578	134.273	
46.2316	-26.3376	-6.88871	96.1061	105.907	133.708	
45.9077	-24.3769	-10.3085	95.1266	105.314	133.31	
45.4932	-22.7921	-13.1854	94.3155	104.796	133.063	
45.0135	-21.6009	-15.4514	93.6615	104.34	132.943	
44.4917	-20.8212	-17.0346	93.1539	103.931	132.93	
43.9484	-20.4746	-17.8574	92.781	103.555	133.006	
43.4009	-20.5901	-17.8348	92.5292	103.197	133.153	
42.8633	-21.2088	-16.8721	92.381	102.842	133.349	
42.3468	-22.3883	-14.8605	92.3152	102.474	133.571	
41.8604	-24.2069	-11.6713	92.3073	102.076	133.795	
41.412	-26.7661	-7.14986	92.3351	101.63	133.998	
41.0086	-30.1811	-1.12738	92.3403	101.162	134.212	
40.6409	-34.342	6.14806	92.3644	100.635	134.454	
40.3093	-39.1637	14.5161	92.3666	100.122	134.871	
40.016	-44.5081	23.7544	92.3865	99.6134	135.589	
39.7682	-50.2698	33.7335	92.4497	99.1241	136.799	
39.5754	-56.3901	44.435	92.5915	98.6649	138.757	
39.4463	-62.894	56.0172	92.8754	98.2027	141.811	
39.3909	-70.6384	70.3105	93.4509	97.6873	147.158	
39.3862	-75.7156	79.5624	94.0372	96.2677	151.161	
39.5074	-75.9754	79.5624	93.9935	96.5045	151.911	
39.7244	-68.0661	63.619	93.106	97.6172	146.198	
39.9817	-60.9853	49.7121	92.6749	97.9236	142.857	
40.2732	-54.6501	37.5461	92.4643	98.2493	141.347	
40.5687	-48.7107	26.2838	92.3764	98.5763	140.853	
40.8434	-43.2664	15.9966	92.3302	98.9401	141.035	
41.0748	-38.4376	6.81979	92.2991	99.2996	141.585	
41.2507	-34.4272	-0.913159	92.2191	99.6729	142.327	
41.3637	-31.3845	-6.92715	92.1203	99.9899	143.06	
41.4161	-29.4867	-10.8451	92.0285	100.21	143.668	
41.4156	-28.9658	-12.1675	91.9226	100.339	144.112	
41.3616	-29.9678	-10.595	91.8443	100.336	144.335	
41.2551	-32.3448	-6.45565	91.761	100.247	144.396	
41.0907	-35.8536	-0.28052	91.7027	100.07	144.338	
40.8709	-40.2922	7.51015	91.6571	99.8411	144.287	
40.6094	-45.4754	16.5833	91.607	99.6269	144.448	
40.3245	-51.1391	26.5003	91.6265	99.3973	144.978	
40.0456	-57.0516	36.9183	91.7411	99.1857	146.113	
39.8036	-62.8509	47.2513	92.0015	98.9615	147.967	
39.6325	-67.8758	56.3157	92.3878	98.7356	150.357	
39.5643	-70.3247	60.6319	92.7238	98.548	151.93	
39.619	-68.2731	56.4218	92.7912	98.5013	151.045	
39.7764	-63.6168	47.4165	92.8202	98.5437	149.32	
40.0044	-58.1679	37.1267	92.9757	98.6382	148.123	
40.2687	-52.5891	26.7487	93.2617	98.764	147.635	
40.5382	-47.2452	16.8823	93.61	98.9478	147.75	
40.7835	-42.3613	7.86391	93.9859	99.1461	148.218	
40.9849	-38.2075	0.1462	94.2956	99.392	148.887	
41.1284	-34.9696	-5.94367	94.5485	99.6134	149.533	
41.2103	-32.8604	-9.98243	94.7452	99.7726	150.015	
41.2325	-32.1433	-11.4257	94.8338	99.8775	150.273	
41.192	-32.9807	-9.94864	94.8428	99.8823	150.236	
41.0908	-35.2185	-5.88258	94.7463	99.825	149.99	
40.9263	-38.601	0.223293	94.5954	99.6915	149.613	
40.7019	-42.9209	7.93749	94.3899	99.5129	149.263	
40.4316	-47.9924	16.9162	94.122	99.3509	149.176	
40.1351	-53.5458	26.6903	93.8791	99.1687	149.518	
39.8417	-59.3396	36.875	93.6909	98.9994	150.534	
39.5828	-64.9731	46.7823	93.6089	98.8167	152.31	
39.3919	-69.6593	54.9532	93.6087	98.6248	154.547	
39.3031	-71.7067	58.107	93.5127	98.5282	156.025	
39.3348	-69.6194	53.3199	93.1883	98.5205	155.545	
39.468	-65.2162	44.2012	92.8618	98.5147	154.624	
39.6711	-60.0664	33.8191	92.6857	98.4839	154.352	
39.9111	-54.7964	23.3431	92.6705	98.4421	154.853	
40.1561	-49.7288	13.3339	92.7846	98.4029	155.937	
40.3784	-45.113	4.21559	92.9881	98.3804	157.354	
40.5584	-41.1957	-3.57379	93.221	98.4068	158.875	
40.6843	-38.1727	-9.66953	93.5068	98.4463	160.231	
40.7565	-36.305	-13.548	93.7877	98.5419	161.274	
40.7769	-35.8262	-14.7309	94.1003	98.6669	161.816	
40.744	-36.9338	-12.8311	94.4429	98.818	161.767	
40.6559	-39.4462	-8.22942	94.8015	98.9804	161.214	
40.5096	-43.1375	-1.39594	95.1256	99.1648	160.354	
40.3064	-47.7462	7.15453	95.4629	99.3096	159.352	
40.0614	-53.0886	17.0999	95.7756	99.4407	158.517	
39.797	-58.9304	28.0485	96.1233	99.4958	158.113	
39.5447	-65.1087	39.7688	96.5253	99.4658	158.51	
39.3381	-71.4363	51.9896	97.0302	99.2869	160.05	
39.2126	-77.6705	64.3277	97.6461	98.9259	163.02	
39.2008	-81.543	72.3235	98.0733	98.5891	165.646	
39.3237	-76.8579	63.5838	97.3926	99.1536	162.008	
39.5576	-70.2065	51.2672	96.5412	99.6999	158.408	
39.8636	-63.4499	38.9868	95.8003	100.01	156.197	
40.2041	-56.8989	27.2367	95.1754	100.152	155.155	
40.5422	-50.7469	16.2774	94.6343	100.193	154.942	
40.8445	-45.1744	6.35816	94.167	100.148	155.209	
41.0879	-40.4199	-2.12914	93.7333	100.076	155.704	
41.258	-36.6724	-8.84585	93.3827	99.9525	156.153	
41.3563	-34.1883	-13.271	93.0905	99.8346	156.418	
41.3873	-33.1892	-14.92	92.9237	99.7075	156.343	
41.3528	-33.857	-13.4017	92.9049	99.5801	155.861	
41.253	-35.9939	-9.11088	93.0071	99.4525	155.037	
41.0852	-39.371	-2.52965	93.1543	99.3531	154.025	
40.8487	-43.7231	5.81	93.3741	99.231	152.946	
40.5593	-48.8605	15.5693	93.6076	99.1296	152.064	
40.2406	-54.5339	26.3339	93.8976	99.0035	151.606	
39.927	-60.5441	37.8164	94.2515	98.8576	151.892	
39.6549	-66.6062	49.5721	94.7102	98.6279	153.154	
39.466	-72.3594	61.0052	95.2435	98.3665	155.565	
39.3954	-75.5493	67.7105	95.6122	98.1529	157.351	
39.4685	-72.1938	61.7588	95.2629	98.4361	154.82	
39.6617	-66.0925	50.6906	94.6837	98.8423	151.477	
39.9356	-59.5466	38.9851	94.1723	99.1462	149.128	
40.2518	-53.1133	27.612	93.7484	99.3797	147.811	
40.5735	-47.0585	16.9606	93.3795	99.5818	147.27	
40.8659	-41.5801	7.30235	93.0664	99.7332	147.19	
41.1063	-36.9387	-0.931262	92.7591	99.8858	147.37	
41.2778	-33.3096	-7.42407	92.5288	99.9742	147.552	
41.3813	-30.9583	-11.6252	92.3361	100.056	147.656	
41.4176	-30.0917	-13.0657	92.2649	100.084	147.554	
41.3856	-30.8939	-11.3495	92.3414	100.054	147.201	
41.2866	-33.1984	-6.82589	92.5093	99.9953	146.663	
41.1154	-36.7464	-0.0515799	92.7662	99.8831	146.001	
40.875	-41.327	8.53988	93.0731	99.729	145.362	
40.5818	-46.7699	18.6529	93.3809	99.5862	145.002	
40.2582	-52.8329	29.9029	93.7588	99.3831	145.132	
39.9412	-59.4571	42.3042	94.2	99.1799	146.213	
39.6655	-66.6337	55.9928	94.8138	98.8527	148.745	
39.4705	-76.4928	75.4039	95.9478	98.1094	155.416	
39.3562	-78.527	79.5624	96.3655	96.6561	156.102	
39.4601	-78.1962	79.5624	96.2015	97.8746	156.619	
39.6548	-66.7318	57.6542	94.7738	99.0104	147.789	
39.9285	-59.2059	43.9691	94.0492	99.462	144.381	
40.2474	-52.2996	31.6746	93.4891	99.7905	142.509	
40.5741	-45.9286	20.4401	93.0279	100.051	141.569	
40.8778	-40.2458	10.4288	92.6044	100.301	141.227	
41.1313	-35.4032	1.84198	92.2309	100.506	141.167	
41.3217	-31.6229	-4.92397	91.8935	100.688	141.217	
41.4436	-29.087	-9.48619	91.6558	100.805	141.217	
41.5027	-28.0471	-11.2902	91.5197	100.884	141.128	
41.4978	-28.656	-9.99279	91.5476	100.891	140.895	
41.4312	-30.7547	-5.91907	91.6868	100.856	140.56	
41.2962	-34.1002	0.407536	91.9339	100.752	140.149	
41.0922	-38.5069	8.59655	92.2446	100.595	139.772	
40.8297	-43.8279	18.3904	92.5712	100.431	139.645	
40.5243	-49.8692	29.4965	92.9689	100.204	139.974	
40.2039	-56.5991	41.9842	93.4552	99.9254	141.185	
39.9007	-64.3717	56.7211	94.1396	99.549	144.112	
39.6186	-76.0226	79.5624	95.6685	97.8931	152.127	
39.381	-76.0716	79.5624	95.8192	95.4969	149.967	
39.3157	-75.8193	79.5624	95.6961	95.321	149.408	
39.4069	-75.3012	79.5624	95.3398	97.1468	150.298	
39.5812	-65.3517	61.0085	93.8418	98.9725	143.007	
39.7875	-57.2845	46.4881	93.0116	99.2163	138.71	
40.052	-50.3826	34.4333	92.4718	99.3696	136.305	
40.3555	-44.0589	23.5291	92.1196	99.4884	134.832	
40.6865	-38.3604	13.7427	91.8567	99.7064	134.009	
41.0285	-33.3033	5.00699	91.7142	99.9662	133.515	
41.3774	-29.0486	-2.41997	91.648	100.336	133.24	
41.7318	-25.6921	-8.35599	91.7134	100.783	133.045	
42.1036	-23.3404	-12.547	91.8769	101.359	132.923	
42.4954	-21.8302	-15.2318	92.1629	102	132.833	
42.9081	-21.0104	-16.6492	92.5497	102.672	132.78	
43.3386	-20.7604	-17.0078	93.0172	103.339	132.769	
43.7804	-20.9817	-16.4963	93.54	103.962	132.8	
44.2237	-21.5888	-15.2927	94.0861	104.507	132.872	
44.6564	-22.5011	-13.5702	94.6179	104.942	132.983	
45.065	-23.6364	-11.5021	95.0925	105.239	133.128	
45.4353	-24.9073	-9.26538	95.4637	105.373	133.308	
45.753	-26.2183	-7.04399	95.6833	105.323	133.522	
46.0068	-27.4807	-4.99759	95.7144	105.077	133.766	
46.1959	-28.6653	-3.15314	95.5617	104.656	134.021	
46.3243	-29.7806	-1.4627	95.2153	104.123	134.29	
46.3908	-30.7742	0.00647676	94.7451	103.451	134.511	
46.3993	-31.6509	1.29403	94.1506	102.691	134.68	
46.3524	-32.3989	2.40708	93.455	101.869	134.776	
46.2526	-33.0066	3.35332	92.6825	101.006	134.778	
46.1029	-33.4635	4.14124	91.8578	100.127	134.663	
45.9059	-33.7591	4.7796	91.0059	99.2518	134.41	
45.6647	-33.8834	5.27736	90.152	98.4021	133.996	
45.3835	-33.8367	5.64287	89.3194	97.5957	133.417	
45.0725	-33.6591	5.88261	88.524	96.8412	132.743	
44.7435	-33.4018	6.00373	87.779	96.1466	132.061	
44.4079	-33.1168	6.01505	87.0966	95.5219	131.461	
44.0773	-32.857	5.92686	86.488	94.9789	131.03	
43.763	-32.6759	5.75043	85.9643	94.5308	130.86	
43.476	-32.6263	5.49694	85.5362	94.1918	131.038	
43.2273	-32.7602	5.17618	85.2147	93.9764	131.655	
43.0272	-33.127	4.79479	85.0117	93.8987	132.799	
42.8858	-33.7725	4.35424	84.9403	93.971	134.556	
42.8089	-34.7155	3.85133	85.0085	94.1948	136.967	
42.7859	-35.8849	3.28888	85.1972	94.5361	139.89	
42.8028	-37.1914	2.67653	85.4794	94.9526	143.141	
42.8463	-38.5515	2.03203	85.8261	95.4034	146.534	
42.9036	-39.8889	1.38295	86.206	95.8505	149.888	
42.963	-41.1347	0.76703	86.5856	96.2594	153.025	
43.0129	-42.2263	0.231083	86.9296	96.5992	155.766	
43.0428	-43.1058	-0.171494	87.2012	96.8423	157.939	
43.0422	-43.7172	-0.384292	87.3638	96.9625	159.368	
43.0004	-44.0028	-0.35242	87.3808	96.9329	159.881	
42.9114	-43.9202	-0.0453248	87.2303	96.7364	159.362	
42.7889	-43.4995	0.487479	86.943	96.4015	157.928	
42.6515	-42.7859	1.1713	86.5635	95.9671	155.755	
42.5177	-41.8229	1.92887	86.137	95.4731	153.017	
42.4065	-40.6564	2.68503	85.7079	94.9624	149.888	
42.3373	-39.3366	3.37065	85.3192	94.4823	146.542	
42.3317	-37.9398	3.96415	84.9838	94.1128	143.185	
42.4069	-36.4925	4.3398	84.7939	93.8563	139.938	
42.5851	-35.0834	4.49191	84.7602	93.797	137.009	
42.8858	-33.7725	4.35424	84.9403	93.971	134.556	
43.3219	-32.6686	3.99986	85.2962	94.4698	132.779	
43.8538	-31.7815	3.47738	85.8151	95.2036	131.614	
44.4323	-31.1254	2.89117	86.4461	96.0815	130.977	
45.0084	-30.7116	2.34085	87.1417	97.0096	130.785	
45.5336	-30.5492	1.92345	87.8574	97.8926	130.949	
45.9592	-30.6473	1.73535	88.5498	98.6356	131.382	
46.2361	-31.0162	1.8741	89.175	99.146	131.993	
46.3142	-31.6679	2.44	89.6863	99.3338	132.691	
46.1418	-32.6175	3.53764	90.0318	99.1133	133.387	
45.6647	-33.8834	5.27736	90.152	98.4021	133.996	
44.8445	-35.4743	7.73647	89.9938	97.1521	134.455	
43.7183	-37.3843	10.9125	89.5153	95.4903	134.828	
42.3382	-39.5131	14.604	88.7911	93.4633	135.089	
40.7638	-41.8417	18.7736	87.8005	91.2279	135.325	
39.0556	-44.2917	23.2664	86.5991	88.86	135.541	
37.2788	-46.8479	28.0572	85.1814	86.5175	135.831	
35.5006	-49.4271	32.9829	83.6253	84.2677	136.187	
33.791	-51.9749	37.9399	81.9863	82.2163	136.64	
32.2223	-54.4145	42.7792	80.3482	80.4453	137.187	
30.8676	-56.6488	47.3108	78.8134	79.0254	137.798	
29.7844	-58.5546	51.2841	77.4961	77.9749	138.396	
28.962	-60.1074	54.6141	76.4251	77.2518	138.948	
28.3717	-61.2861	57.2139	75.6112	76.7845	139.41	
27.9835	-62.0773	59.012	75.0513	76.5146	139.75	
27.7673	-62.4328	59.865	74.7543	76.3497	139.898	
27.6906	-62.4423	59.9089	74.6655	76.2978	139.937	
27.7217	-62.1893	59.2672	74.7391	76.3411	139.936	
27.83	-61.7199	57.985	74.951	76.415	139.919	
27.982	-61.2518	56.4591	75.1925	76.6043	140.108	
28.1476	-60.7839	54.6404	75.4615	76.8063	140.473	
28.2991	-60.4596	52.7986	75.6763	77.0746	141.154	
28.4304	-60.2179	50.8775	75.8603	77.3334	142.036	
28.5392	-60.0568	48.9638	76.0021	77.5814	143.073	
28.6222	-60.0233	47.2446	76.0528	77.8773	144.279	
28.6784	-60.0241	45.6173	76.0589	78.1268	145.493	
28.7052	-60.0289	44.1069	76.0284	78.2998	146.628	
28.6997	-60.0814	42.8913	75.912	78.4546	147.695	
28.6597	-60.1253	41.9402	75.7364	78.5307	148.572	
28.5826	-60.1464	41.3105	75.4972	78.5155	149.192	
28.466	-60.1302	41.0583	75.1896	78.3957	149.489	
28.3108	-60.0674	41.2217	74.817	78.1652	149.415	
28.1323	-59.9698	41.7639	74.4159	77.8506	149.004	
27.9497	-59.8553	42.6312	74.0311	77.4867	148.307	
27.7819	-59.7424	43.7713	73.7081	77.1077	147.378	
27.6477	-59.6958	45.2272	73.4588	76.8017	146.329	
27.5666	-59.6736	46.8195	73.3815	76.5227	145.127	
27.5577	-59.7176	48.5416	73.5101	76.3259	143.852	
27.6385	-59.9335	50.5164	73.8397	76.3306	142.659	
27.8288	-60.2829	52.569	74.471	76.4859	141.517	
28.1476	-60.7839	54.6404	75.4615	76.8063	140.473	
28.6011	-61.5061	56.8045	76.7935	77.353	139.649	
29.1516	-62.2782	58.7537	78.3836	77.975	138.955	
29.746	-63.0754	60.5078	80.0147	78.6797	138.492	
30.3356	-63.5987	61.5296	81.5784	79.297	138.051	
30.8671	-63.7647	61.7206	82.8639	79.8432	137.67	
31.2888	-63.4439	60.887	83.6888	80.2769	137.328	
31.5508	-62.5017	58.8228	83.894	80.4905	136.992	
31.6011	-61.0269	55.7727	83.2645	80.442	136.864	
31.3895	-59.0618	51.886	81.6243	80.0054	137.086	
30.8676	-56.6488	47.3108	78.8134	79.0254	137.798	
30.0103	-53.8291	42.171	74.7793	77.3303	139.08	
28.8784	-50.7725	36.768	69.7623	74.9	140.938	
27.5534	-47.6009	31.2858	64.0931	71.7594	143.278	
26.1175	-44.4672	25.9795	57.9926	68.0943	146.092	
24.6456	-41.3966	20.8342	51.806	63.95	149.16	
23.2176	-38.5256	16.0812	45.6614	59.6241	152.472	
21.9001	-35.9003	11.7543	39.8285	55.2678	155.81	
20.7599	-33.6069	7.98105	34.496	51.124	159.022	
19.8521	-31.7167	4.85502	29.9285	47.3963	161.859	
19.2494	-30.3275	2.54284	26.2842	44.3463	164.191	
18.9721	-29.4764	1.08519	23.8343	42.0892	165.741	
18.9489	-29.0991	0.384911	22.4219	40.5861	166.592	
19.0857	-29.107	0.306013	21.7903	39.7421	166.92	
19.2905	-29.4172	0.720251	21.6682	39.4591	166.929	
19.4727	-29.9505	1.50524	21.7712	39.6388	166.842	
19.5544	-30.6373	2.56415	21.7307	40.2071	166.974	
19.4174	-31.3847	3.73074	21.4248	41.0224	167.367	
18.9779	-32.1158	4.89434	20.513	42.0069	168.298	
18.1318	-32.7351	5.89941	18.7725	43.0485	169.91	
16.799	-33.1551	6.62477	15.8334	44.0915	172.51	
14.9099	-33.2762	6.90206	11.6171	45.0285	176.114	
12.576	-33.0985	6.72105	6.40105	45.8466	180.491	
9.95859	-32.6597	6.13369	0.538471	46.5613	185.365	
7.23373	-32.028	5.24003	-5.66285	47.2275	190.517	
4.54645	-31.2576	4.10815	-11.7472	47.8078	195.557	
2.05762	-30.4254	2.84741	-17.3284	48.28	200.174	
-0.0408351	-29.6606	1.64048	-22.1145	48.7229	204.17	
-1.5955	-29.0435	0.591538	-25.6825	49.0566	207.192	
-2.4328	-28.6793	-0.159935	-27.6848	49.2686	208.975	
-2.38291	-28.6636	-0.488123	-27.7674	49.3471	209.244	
-1.34704	-29.0456	-0.32751	-25.7045	49.2963	207.814	
0.50908	-29.7432	0.217534	-21.8166	49.1654	204.92	
2.95223	-30.6365	0.990971	-16.5579	49.0059	200.899	
5.76374	-31.6306	1.87191	-10.4272	48.9144	196.149	
8.70874	-32.6091	2.69969	-3.86711	48.8727	191.005	
11.5738	-33.5054	3.38536	2.62858	48.9211	185.868	
14.1514	-34.2764	3.87653	8.55808	49.086	181.15	
16.2195	-34.8806	4.11529	13.5047	49.3356	177.166	
17.5718	-35.3076	4.09883	16.9996	49.6903	174.291	
18.0099	-35.5619	3.85892	18.528	50.2158	172.956	
17.3696	-35.5937	3.30754	17.9302	50.8349	173.24	
15.8292	-35.4488	2.53349	15.4059	51.6069	175.039	
13.5998	-35.1184	1.50654	11.4991	52.4336	177.91	
10.9198	-34.6386	0.288386	6.61331	53.3247	181.567	
8.00654	-34.0252	-1.10134	1.24518	54.1967	185.614	
5.09989	-33.3535	-2.54128	-4.18735	55.0642	189.751	
2.42421	-32.6659	-3.96487	-9.19645	55.8056	193.589	
0.230725	-32.0981	-5.1628	-13.3553	56.482	196.822	
-1.24157	-31.7311	-6.01052	-16.1915	56.9987	199.089	
-1.74611	-31.6677	-6.35042	-17.2494	57.3185	200.054	
-1.12104	-31.9701	-6.08725	-16.2234	57.4238	199.488	
0.466312	-32.5714	-5.32777	-13.4109	57.3564	197.606	
2.76458	-33.365	-4.2414	-9.26147	57.1689	194.731	
5.5277	-34.2652	-2.96911	-4.23392	56.9534	191.204	
8.50484	-35.1421	-1.72018	1.23717	56.6634	187.33	
11.4565	-35.9345	-0.604368	6.71533	56.3613	183.427	
14.1587	-36.6202	0.334439	11.7212	56.1487	179.86	
16.3653	-37.1331	0.977796	15.8808	55.9714	176.869	
17.8576	-37.4913	1.35135	18.7124	55.9485	174.82	
18.3936	-37.6626	1.39093	19.8381	56.0742	173.959	
17.823	-37.6451	1.09312	18.9531	56.4073	174.514	
16.2992	-37.4405	0.46987	16.3657	56.8856	176.258	
14.0645	-37.0761	-0.4148	12.4655	57.4952	178.934	
11.3435	-36.5407	-1.56509	7.71491	58.123	182.201	
8.37813	-35.8859	-2.87781	2.50208	58.7752	185.805	
5.39686	-35.1275	-4.30468	-2.72001	59.3314	189.414	
2.64773	-34.3723	-5.65742	-7.54591	59.8357	192.756	
0.373016	-33.6848	-6.80942	-11.5305	60.1964	195.51	
-1.17532	-33.1664	-7.58049	-14.2386	60.3803	197.369	
-1.7443	-32.9164	-7.79616	-15.2306	60.3419	198.024	
-1.16634	-32.9978	-7.34911	-14.2121	60.0466	197.265	
0.391543	-33.355	-6.35209	-11.4707	59.5242	195.293	
2.67649	-33.8948	-4.98509	-7.4394	58.8224	192.412	
5.43583	-34.5187	-3.43594	-2.54661	57.9829	188.918	
8.42925	-35.1713	-1.8274	2.75584	57.1297	185.146	
11.4022	-35.7345	-0.376998	8.07948	56.2033	181.347	
14.1353	-36.2156	0.897318	12.9231	55.3942	177.916	
16.3809	-36.5561	1.87017	16.9004	54.6827	175.103	
17.9042	-36.7495	2.50003	19.5807	54.1372	173.214	
18.4742	-36.7997	2.76744	20.5047	53.843	172.585	
17.9356	-36.7023	2.64967	19.3654	53.8538	173.441	
16.4419	-36.4592	2.16942	16.4698	54.1177	175.557	
14.2212	-36.0619	1.34223	12.2834	54.5487	178.587	
11.5136	-35.5299	0.236299	7.2117	55.1252	182.259	
8.54515	-34.8676	-1.10991	1.72445	55.7509	186.221	
5.55738	-34.133	-2.56763	-3.76203	56.4108	190.187	
2.78379	-33.3609	-4.0441	-8.79017	56.9825	193.816	
0.477138	-32.6715	-5.31686	-12.939	57.5035	196.82	
-1.11676	-32.1371	-6.23684	-15.7573	57.8715	198.872	
-1.74619	-31.8512	-6.62482	-16.8036	58.0302	199.66	
-1.24417	-31.8724	-6.36705	-15.7837	57.932	198.97	
0.225406	-32.1489	-5.56112	-13	57.5844	197.001	
2.4139	-32.5936	-4.36866	-8.90219	57.0115	194.05	
5.07801	-33.1352	-2.92763	-3.94889	56.2805	190.429	
7.96918	-33.6661	-1.42943	1.42624	55.3563	186.421	
10.8488	-34.131	0.0108276	6.78393	54.2897	182.325	
13.5044	-34.5277	1.37223	11.5861	53.216	178.556	
15.6898	-34.7989	2.53781	15.431	52.0796	175.367	
17.1755	-34.9417	3.47883	17.8543	50.9189	173.082	
17.7461	-34.9752	4.21569	18.3034	49.8203	172.122	
17.2326	-34.8724	4.67808	16.5263	48.7679	172.649	
15.7811	-34.6291	4.85267	12.8636	47.8015	174.494	
13.6306	-34.251	4.75552	7.73862	47.0164	177.482	
10.9812	-33.706	4.3209	1.76875	46.3966	181.22	
8.08704	-33.0298	3.61374	-4.66655	46.0711	185.591	
5.1576	-32.236	2.64589	-10.972	46.0346	190.233	
2.43216	-31.3866	1.51347	-16.6698	46.3418	194.919	
0.147472	-30.554	0.325173	-21.2617	47.0105	199.4	
-1.43705	-29.844	-0.765561	-24.3187	48.1117	203.513	
-2.08206	-29.3375	-1.64423	-25.3401	49.6411	207.013	
-1.62265	-29.0957	-2.21953	-24.0015	51.5685	209.685	
-0.212956	-29.0968	-2.48838	-20.6083	53.6647	211.331	
1.91121	-29.2895	-2.48011	-15.6236	55.6606	211.753	
4.51396	-29.608	-2.24313	-9.51444	57.2663	210.749	
7.37613	-30.0436	-1.74016	-2.78093	58.3074	208.168	
10.2838	-30.5718	-0.956165	4.06041	58.5252	203.888	
13.0212	-31.1651	0.117695	10.5221	57.5914	197.768	
15.4013	-31.8849	1.63039	16.0069	55.3178	189.81	
17.2182	-32.7609	3.67585	19.934	51.3842	179.986	
18.274	-33.8638	6.41786	21.5203	45.5504	168.461	
18.4243	-35.2536	9.98717	19.7345	37.7462	155.873	
17.7386	-36.9179	14.3002	13.3503	28.4621	144.046	
16.343	-38.826	19.2368	-1.72716	18.6879	137.922	
14.3939	-40.937	24.673	-41.8369	11.2421	154.712	
12.0191	-43.1868	30.3874	75.9658	-13.4401	12.3642	
9.34792	-45.5363	36.2986	46.1027	-22.5243	17.3976	
6.55604	-47.9382	42.2705	31.0044	-32.534	8.37858	
3.7775	-50.3367	48.1005	20.528	-41.8973	-3.52394	
1.17968	-52.6923	53.6632	12.4963	-49.947	-15.1109	
-1.0735	-54.9422	58.7722	6.38937	-56.2098	-24.8889	
-2.84572	-57.0582	63.3072	2.10661	-60.3895	-32.1058	
-4.13255	-59.043	67.3021	-0.68911	-62.6072	-36.7737	
-4.95805	-60.836	70.6907	-2.28954	-63.151	-39.1924	
-5.35121	-62.802	74.2153	-2.93256	-62.0607	-39.6882	
-5.34132	-65.7389	79.5625	-2.82615	-58.6902	-38.5789	
-4.95925	-66.0225	79.5625	-2.01636	-56.769	-36.4441	
-4.2423	-66.3264	79.5625	-0.749517	-54.1817	-33.4436	
-3.22682	-66.6078	79.5625	0.801339	-51.1522	-29.8924	
-1.952	-66.8188	79.5625	2.43392	-47.8817	-26.0785	
-0.459145	-66.907	79.5625	3.9033	-44.5429	-22.2499	
1.20547	-66.8295	79.5625	4.97628	-41.2653	-18.5827	
2.97444	-66.5947	79.5625	5.61441	-38.0818	-15.1113	
4.78105	-66.2329	79.5625	5.86197	-35.0416	-11.8666	
6.5637	-65.786	79.5625	5.79498	-32.2418	-8.91076	
8.26251	-65.3081	79.5625	5.51147	-29.8286	-6.32882	
9.8161	-64.8642	79.5625	5.1197	-27.9902	-4.21826	
11.1586	-64.5215	79.5625	4.72075	-26.9191	-2.67187	
12.2176	-64.3322	79.5625	4.38386	-26.7383	-1.75288	
12.9137	-64.3173	79.5625	4.13243	-27.435	-1.48022	
13.1646	-64.4704	79.5625	3.9617	-28.8778	-1.84539	
12.9156	-64.7686	79.5625	3.86355	-30.8888	-2.82079	
12.2209	-65.1686	79.5625	3.82004	-33.2754	-4.30564	
11.1646	-65.6351	79.5625	3.8253	-35.904	-6.19432	
9.83244	-66.1435	79.5625	3.88381	-38.6885	-8.39079	
8.31131	-66.6745	79.5625	4.00406	-41.5648	-10.803	
6.68907	-67.2115	79.5625	4.19527	-44.4762	-13.3403	
5.00239	-60.4635	66.0588	3.9419	-51.2236	-15.1802	
3.37076	-56.6828	58.8709	3.95425	-53.8833	-17.235	
1.89524	-53.8224	53.5444	4.06989	-55.5818	-19.175	
0.659964	-51.4706	49.2388	4.23742	-56.7801	-20.8406	
-0.255644	-49.5122	45.7037	4.50084	-57.6592	-22.2046	
-0.880454	-47.8246	42.6996	4.79311	-58.3191	-23.2259	
-1.25878	-46.3305	40.0745	5.07983	-58.8299	-23.9227	
-1.41606	-44.9842	37.7373	5.41662	-59.2474	-24.4028	
-1.40127	-43.7369	35.5978	5.75267	-59.6008	-24.6678	
-1.25399	-42.5539	33.5921	6.08142	-59.9169	-24.7632	
-1.0128	-41.4061	31.6678	6.40081	-60.2167	-24.7388	
-0.717156	-40.2677	29.7799	6.70414	-60.5165	-24.6394	
-0.406114	-39.1166	27.8902	6.9855	-60.8294	-24.511	
-0.118234	-37.9331	25.9664	7.2398	-61.1656	-24.4	
0.117426	-36.7047	23.9888	7.46402	-61.5306	-24.343	
0.307956	-35.4376	21.97	7.6603	-61.9187	-24.3336	
0.469286	-34.1417	19.9283	7.83174	-62.3226	-24.3541	
0.617157	-32.8256	17.88	7.98107	-62.736	-24.3865	
0.767098	-31.4971	15.8393	8.11065	-63.1536	-24.4123	
0.934401	-30.1635	13.8189	8.22245	-63.5708	-24.4128	
1.13408	-28.8314	11.8304	8.31806	-63.9838	-24.3686	
1.38084	-27.5069	9.88413	8.39868	-64.3892	-24.2601	
1.68904	-26.1957	7.98932	8.46508	-64.7845	-24.0672	
2.07259	-24.9031	6.15437	8.51765	-65.1671	-23.7689	
2.54084	-23.6373	4.38957	8.55628	-65.5346	-23.3489	
3.08615	-22.4192	2.71592	8.58041	-65.8811	-22.8094	
3.69655	-21.2725	1.1571	8.58935	-66.1994	-22.1576	
4.36003	-20.22	-0.263019	8.58242	-66.4816	-21.4004	
5.06469	-19.2844	-1.52012	8.55907	-66.7188	-20.5451	
5.79889	-18.4877	-2.58921	8.51892	-66.9011	-19.5993	
6.55144	-17.8519	-3.44445	8.46188	-67.0178	-18.571	
7.31172	-17.3991	-4.05891	8.38823	-67.0572	-17.4691	
8.06993	-17.1521	-4.40436	8.29871	-67.0072	-16.3028	
8.81712	-17.1343	-4.45098	8.19458	-66.8547	-15.0824	
9.54578	-17.3616	-4.17792	8.07768	-66.5918	-13.8209	
10.2508	-17.8144	-3.60604	7.95039	-66.2309	-12.5385	
10.9274	-18.4654	-2.76595	7.81546	-65.7896	-11.2575	
11.5706	-19.2883	-1.68763	7.6758	-65.2863	-9.99961	
12.1748	-20.2574	-0.400744	7.53434	-64.7393	-8.78638	
12.7338	-21.3472	1.06494	7.39389	-64.1674	-7.6386	
13.2405	-22.532	2.67926	7.25696	-63.5892	-6.57648	
13.687	-23.7858	4.41131	7.12574	-63.0236	-5.61958	
14.0646	-25.0815	6.22906	7.00191	-62.4898	-4.78677	
14.3639	-26.3909	8.09895	6.88662	-62.0071	-4.09632	
14.5657	-27.6871	9.9863	6.72926	-61.5862	-3.51304	
14.7016	-28.9711	11.892	6.63512	-61.2288	-3.12269	
14.767	-30.2399	13.8068	6.54802	-60.9183	-2.85726	
14.7712	-31.4931	15.7264	6.46726	-60.643	-2.69981	
14.7237	-32.7301	17.6461	6.39218	-60.3907	-2.63358	
14.6341	-33.95	19.5608	6.32224	-60.1497	-2.64198	
14.5123	-35.1515	21.4655	6.25704	-59.9081	-2.70858	
14.3684	-36.3334	23.3546	6.1964	-59.6542	-2.81709	
14.2125	-37.494	25.2224	6.14032	-59.3762	-2.95139	
14.055	-38.6318	27.0631	6.08901	-59.0626	-3.0955	
13.9045	-39.7475	28.8761	6.04242	-58.7048	-3.23581	
13.7632	-40.8535	30.6841	5.99885	-58.305	-3.36783	
13.6314	-41.9661	32.5181	5.95624	-57.8671	-3.48937	
13.5217	-43.1087	34.421	5.96915	-57.3982	-3.65382	
13.4106	-44.2927	36.4164	5.92405	-56.8886	-3.75004	
13.3102	-45.5469	38.5578	5.87263	-56.3394	-3.82844	
13.221	-46.9	40.9005	5.81257	-55.7423	-3.88677	
13.1426	-48.3882	43.5142	5.7383	-55.081	-3.91973	
13.0879	-50.0695	46.5092	5.70965	-54.3337	-3.9882	
13.0381	-52.0039	50.0071	5.63209	-53.4378	-3.9986	
13.0091	-54.3098	54.24	5.58947	-52.3061	-4.03902	
12.9831	-57.0844	59.4241	5.5169	-50.752	-4.04945	
12.9842	-60.8416	66.5666	5.60134	-48.3257	-4.24339	
12.9624	-67.3078	79.5625	5.92917	-41.969	-4.78763	
12.8829	-66.7449	79.5625	5.49842	-39.2838	-4.3014	
12.8211	-66.2081	79.5625	5.11542	-36.7677	-3.86192	
12.7751	-65.7257	79.5625	4.78984	-34.5369	-3.48383	
12.7431	-65.332	79.5625	4.53428	-32.7344	-3.1847	
12.7242	-65.0663	79.5625	4.3659	-31.528	-2.98667	
12.7178	-64.9697	79.5625	4.30524	-31.0913	-2.91511	
12.7241	-65.0663	79.5625	4.36588	-31.528	-2.98672	
12.7431	-65.3319	79.5625	4.53425	-32.7344	-3.18481	
12.775	-65.7257	79.5625	4.78979	-34.537	-3.48398	
12.821	-66.2081	79.5625	5.11536	-36.7678	-3.86211	
12.8828	-66.7449	79.5625	5.49835	-39.2839	-4.30161	
12.9623	-67.3078	79.5625	5.92909	-41.969	-4.78783	
12.9841	-60.8417	66.5667	5.60128	-48.3258	-4.2436	
12.983	-57.0845	59.4242	5.51685	-50.7521	-4.04962	
13.0091	-54.3098	54.24	5.58945	-52.3061	-4.03913	
13.0381	-52.0039	50.0071	5.63209	-53.4378	-3.9986	
13.088	-50.0695	46.5092	5.70969	-54.3336	-3.98806	
13.1427	-48.3882	43.5141	5.73837	-55.0809	-3.91944	
13.2212	-46.9	40.9004	5.81267	-55.7421	-3.88632	
13.3105	-45.5468	38.5576	5.87277	-56.3391	-3.82785	
13.4109	-44.2927	36.4163	5.92421	-56.8883	-3.74935	
13.522	-43.1086	34.4208	5.96931	-57.3979	-3.65308	
13.6316	-41.9661	32.5179	5.9564	-57.8668	-3.48866	
13.7634	-40.8535	30.684	5.99897	-58.3047	-3.36723	
13.9047	-39.7475	28.876	6.0425	-58.7046	-3.23545	
14.055	-38.6318	27.0631	6.08901	-59.0626	-3.0955	
14.2124	-37.4941	25.2225	6.14022	-59.3765	-2.95189	
14.368	-36.3335	23.3548	6.19618	-59.6547	-2.81817	
14.5117	-35.1517	21.4659	6.25671	-59.9089	-2.71026	
14.6333	-33.9502	19.5613	6.3218	-60.1508	-2.6442	
14.7227	-32.7303	17.6467	6.39168	-60.392	-2.63621	
14.7702	-31.4933	15.7271	6.46672	-60.6443	-2.70262	
14.7661	-30.24	13.8074	6.54751	-60.9196	-2.85999	
14.7008	-28.9712	11.8925	6.6347	-61.2298	-3.12497	
14.5652	-27.6872	9.98661	6.729	-61.5868	-3.51443	
14.3639	-26.3909	8.09895	6.88662	-62.0071	-4.09632	
14.0653	-25.0814	6.22865	7.00227	-62.4889	-4.78485	
13.6885	-23.7856	4.41044	7.12651	-63.0217	-5.61542	
13.2427	-22.5318	2.67795	7.25817	-63.5862	-6.57004	
12.7367	-21.3468	1.06324	7.39549	-64.1635	-7.63012	
12.1782	-20.257	-0.402703	7.53625	-64.7348	-8.77637	
11.5742	-19.2879	-1.68968	7.67787	-65.2814	-9.98889	
10.9309	-18.4651	-2.7679	7.81749	-65.7849	-11.2471	
10.2537	-17.8142	-3.60763	7.95211	-66.227	-12.5299	
9.5476	-17.3615	-4.17887	8.07875	-66.5895	-13.8156	
8.81712	-17.1343	-4.45098	8.19458	-66.8547	-15.0824	
8.06742	-17.1522	-4.4031	8.29719	-67.0104	-16.31	
7.30628	-17.3993	-4.05625	8.38487	-67.0643	-17.4846	
6.54299	-17.8522	-3.44043	8.4566	-67.0287	-18.595	
5.78773	-18.488	-2.58403	8.51186	-66.9155	-19.6307	
5.05147	-19.2847	-1.51415	8.55062	-66.7358	-20.5819	
4.34579	-20.2204	-0.256765	8.57324	-66.4999	-21.4396	
3.68272	-21.2727	1.16301	8.58036	-66.2171	-22.1953	
3.07457	-22.4194	2.72075	8.57282	-65.8959	-22.8408	
2.53373	-23.6374	4.39246	8.55159	-65.5437	-23.3679	
2.07259	-24.9031	6.15437	8.51765	-65.1671	-23.7689	
1.6989	-26.1955	7.98548	8.47164	-64.7718	-24.0412	
1.40222	-27.5065	9.87596	8.41295	-64.3618	-24.2044	
1.1672	-28.8307	11.818	8.34026	-63.9413	-24.2828	
0.97806	-30.1625	13.8027	8.25182	-63.5147	-24.3004	
0.818657	-31.4959	15.8204	8.14547	-63.0873	-24.2805	
0.672511	-32.8242	17.8599	8.01861	-62.6647	-24.2459	
0.522866	-34.1403	19.9091	7.86823	-62.2536	-24.2188	
0.352714	-35.4364	21.9541	7.69092	-61.861	-24.2213	
0.144826	-36.704	23.9792	7.48286	-61.4953	-24.2747	
-0.118234	-37.9331	25.9664	7.2398	-61.1656	-24.4	
-0.44394	-39.1175	27.9028	6.9592	-60.8782	-24.6042	
-0.79903	-40.2696	29.8066	6.64688	-60.6223	-24.84	
-1.13953	-41.4086	31.7082	6.3117	-60.3806	-25.0475	
-1.42091	-42.5569	33.6442	5.96349	-60.1329	-25.1677	
-1.59816	-43.7403	35.6583	5.61297	-59.8558	-25.1425	
-1.6275	-44.988	37.8016	5.26472	-59.5206	-24.908	
-1.46319	-46.3349	40.1373	4.93209	-59.0935	-24.4083	
-1.05049	-47.8301	42.7546	4.67097	-58.5384	-23.6305	
-0.359447	-49.5171	45.7399	4.42593	-57.7922	-22.4506	
0.659964	-51.4706	49.2388	4.23742	-56.7801	-20.8406	
2.03718	-53.8055	53.4761	4.17284	-55.4068	-18.8401	
3.67615	-56.6209	58.6749	4.17676	-53.5275	-16.5163	
5.47265	-60.2843	65.5887	4.28995	-50.7635	-14.0817	
7.30838	-67.3354	79.5625	4.72551	-43.8473	-12.0017	
9.02703	-66.7999	79.5625	4.58548	-40.7528	-9.18635	
10.5852	-66.2531	79.5625	4.46125	-37.7292	-6.61694	
11.8792	-65.7141	79.5625	4.33947	-34.8755	-4.44008	
12.807	-65.2096	79.5625	4.21219	-32.3188	-2.80842	
13.2683	-64.7774	79.5625	4.08117	-30.2369	-1.88472	
13.1646	-64.4704	79.5625	3.9617	-28.8778	-1.84539	
12.4385	-64.3427	79.5625	3.87654	-28.4946	-2.81066	
11.1927	-64.4006	79.5625	3.83249	-29.0961	-4.63024	
9.56689	-64.6131	79.5625	3.81285	-30.5201	-7.06562	
7.6995	-64.9312	79.5625	3.79502	-32.5239	-9.87153	
5.73075	-65.3048	79.5625	3.7674	-34.8527	-12.8136	
3.80464	-65.6924	79.5625	3.73341	-37.2788	-15.6729	
2.0695	-66.0632	79.5625	3.70789	-39.6093	-18.2432	
0.677426	-66.3966	79.5625	3.71212	-41.6827	-20.326	
-0.217034	-66.6799	79.5625	3.76977	-43.3638	-21.7265	
-0.459145	-66.907	79.5625	3.9033	-44.5429	-22.2499	
0.051783	-67.0809	79.5625	4.12521	-45.1787	-21.7667	
1.20672	-67.2227	79.5625	4.42013	-45.4067	-20.4206	
2.83839	-65.4115	75.7501	4.60567	-47.0674	-18.1971	
4.77205	-62.9184	70.8592	4.72883	-48.3926	-15.4185	
6.86131	-61.4146	67.9329	4.9006	-48.7422	-12.4836	
8.94876	-60.2153	65.6026	5.05712	-48.8413	-9.54057	
10.8783	-59.182	63.6028	5.17072	-48.8429	-6.79134	
12.5048	-58.3664	62.0181	5.27154	-48.8027	-4.50151	
13.6656	-57.7346	60.8019	5.29123	-48.7297	-2.83166	
14.2314	-57.4214	60.1877	5.34477	-48.6508	-2.13489	
14.0864	-57.41	60.1565	5.37727	-48.5667	-2.51137	
13.3084	-57.6646	60.6412	5.40435	-48.4892	-3.83897	
12.0282	-58.1557	61.5795	5.49026	-48.4454	-5.97326	
10.3502	-58.7563	62.7475	5.55481	-48.4472	-8.61924	
8.40022	-59.401	64.0206	5.63421	-48.5248	-11.6034	
6.30832	-60.0936	65.3924	5.78176	-48.7014	-14.7718	
4.1916	-60.7457	66.7077	5.97331	-48.9719	-17.8875	
2.17655	-61.2879	67.8467	6.2267	-49.3191	-20.7572	
0.399789	-61.9055	69.1451	6.61198	-49.6408	-23.2505	
-1.00757	-62.7043	70.8263	7.16901	-49.7658	-25.2063	
-1.94812	-63.8377	73.2197	7.93571	-49.452	-26.5425	
-2.46388	-66.487	78.7087	9.02731	-47.5165	-27.6245	
-2.65767	-66.6886	79.5625	9.78911	-47.2032	-27.768	
-2.58859	-66.4381	79.5625	10.3724	-47.2755	-27.4599	
-2.334	-66.1654	79.5625	10.7459	-47.3788	-26.9268	
-1.97125	-65.8738	79.5625	10.8156	-47.5747	-26.3031	
-1.57823	-65.5664	79.5625	10.4843	-47.9253	-25.7201	
-1.23504	-65.2465	79.5625	9.64722	-48.4929	-25.3012	
-1.02629	-64.9171	79.5625	8.18688	-49.3393	-25.1563	
-1.05767	-61.2872	73.1591	5.69099	-53.1406	-24.9437	
-1.39665	-57.3622	66.6073	2.65532	-56.238	-25.575	
-1.99583	-53.8515	61.0733	-0.562921	-58.6266	-27.0623	
-2.80432	-50.5381	56.0102	-3.62478	-60.6859	-29.1976	
-3.77418	-47.2373	51.0192	-6.18808	-62.4854	-31.7664	
-4.85689	-43.9665	46.0621	-7.91079	-64.0402	-34.5308	
-6.00672	-40.7276	41.0813	-8.46309	-65.3631	-37.216	
-7.16312	-37.5582	36.0659	-7.45491	-66.5261	-39.5843	
-8.29401	-34.4494	30.9495	-4.61657	-67.5843	-41.2455	
-9.34177	-31.4374	25.7168	0.408956	-68.6778	-41.8587	
-10.2397	-28.5542	20.3477	7.97423	-69.957	-41.0136	
-10.9695	-25.8146	14.822	18.0912	-71.486	-38.1137	
-11.5162	-23.2571	9.24763	30.2614	-73.1585	-32.9828	
-11.8792	-20.9137	3.75116	43.8636	-74.678	-25.6558	
-12.0717	-18.8024	-1.56825	58.2733	-75.6399	-16.352	
-12.0996	-16.9477	-6.58827	72.9291	-75.6758	-5.58662	
-11.9792	-15.3745	-11.175	87.2774	-74.5857	5.92117	
-11.7405	-14.0912	-15.2353	100.727	-72.3979	17.4286	
-11.4127	-13.1063	-18.6634	112.77	-69.377	28.2118	
-11.0345	-12.4352	-21.3242	123.013	-65.9609	37.6122	
-10.6474	-12.1007	-23.0807	131.096	-62.662	45.1107	
-10.2942	-12.0752	-23.8861	136.787	-59.8428	50.3884	
-9.95602	-12.3721	-23.8283	140.313	-57.7618	53.7425	
-9.66443	-12.9023	-23.0942	142.131	-56.3314	55.34	
-9.40375	-13.6435	-21.8361	142.583	-55.5247	55.4793	
-9.16875	-14.5581	-20.2142	142.014	-55.2513	54.4065	
-8.9568	-15.6067	-18.3905	140.752	-55.4113	52.3672	
-8.76899	-16.7463	-16.531	139.108	-55.9084	49.6149	
-8.61003	-17.9292	-14.807	137.382	-56.6585	46.4137	
-8.48735	-19.1033	-13.3956	135.865	-57.5944	43.0358	
-8.40983	-20.2124	-12.4783	134.859	-58.6669	39.7532	
-8.38328	-21.2079	-12.1879	134.598	-59.8416	36.7868	
-8.40083	-22.081	-12.4549	135.016	-61.0907	34.1776	
-8.45133	-22.8357	-13.1555	135.977	-62.3779	31.9186	
-8.52358	-23.4786	-14.1634	137.345	-63.6604	30.0027	
-8.60759	-24.0183	-15.35	138.979	-64.8913	28.4251	
-8.69547	-24.4652	-16.586	140.736	-66.023	27.1855	
-8.78193	-24.8307	-17.7418	142.466	-67.0079	26.2887	
-8.86419	-25.1271	-18.6877	144.013	-67.7993	25.7447	
-8.94121	-25.3672	-19.2948	145.216	-68.3508	25.5677	
-9.00673	-25.5446	-19.4601	145.889	-68.5823	25.7982	
-9.06874	-25.7019	-19.0488	145.963	-68.5292	26.39	
-9.12206	-25.8162	-18.1559	145.51	-68.2133	27.2917	
-9.14861	-25.8149	-16.9787	144.595	-67.595	28.4894	
-9.14721	-25.6832	-15.6362	143.356	-66.7426	29.8948	
-9.11294	-25.3855	-14.2764	141.905	-65.6894	31.4483	
-9.04314	-24.8862	-13.0497	140.343	-64.4701	33.0958	
-8.93725	-24.1502	-12.1076	138.768	-63.1205	34.7895	
-8.79604	-23.1445	-11.6009	137.272	-61.6781	36.4873	
-8.62043	-21.8396	-11.6773	135.941	-60.1811	38.1526	
-8.40983	-20.2124	-12.4783	134.859	-58.6669	39.7532	
-8.16607	-18.2793	-14.0684	134.079	-57.1833	41.2643	
-7.91217	-16.1874	-16.235	133.543	-55.828	42.6746	
-7.67983	-14.1092	-18.7018	133.183	-54.7097	43.9579	
-7.50681	-12.2047	-21.2015	132.953	-53.9365	45.0674	
-7.43856	-10.6199	-23.4785	132.82	-53.6172	45.9406	
-7.52846	-9.48688	-25.2878	132.745	-53.8628	46.509	
-7.83649	-8.93014	-26.3912	132.671	-54.7862	46.7127	
-8.42483	-9.07721	-26.5524	132.495	-56.4982	46.5213	
-9.34933	-10.074	-25.5317	132.05	-59.0987	45.9575	
-10.6473	-12.1007	-23.0808	131.096	-62.6635	45.1111	
-12.3037	-15.3189	-19.029	129.365	-67.1753	44.1418	
-14.1938	-19.6614	-13.5586	126.753	-72.3691	43.2446	
-16.1774	-24.9742	-6.93366	123.287	-77.9422	42.5283	
-18.1414	-31.0918	0.632791	119.115	-83.6676	41.9729	
-19.9873	-37.768	8.84211	114.354	-89.2589	41.5794	
-21.6524	-44.7842	17.4872	109.225	-94.5316	41.2327	
-23.0959	-51.9491	26.4391	103.973	-99.3571	40.7691	
-24.2811	-59.015	35.4749	98.7903	-103.509	40.0896	
-25.1862	-65.7968	44.4944	93.9199	-106.835	39.0372	
-25.7961	-72.1804	53.5357	89.6097	-109.213	37.4073	
-26.1042	-78.1587	62.787	86.0297	-110.518	34.9734	
-26.1551	-85.4301	75.6063	82.5712	-110.627	29.958	
-25.9093	-87.8928	79.5624	81.3489	-109.505	28.9628	
-25.5527	-88.0205	79.5624	81.6389	-108.748	29.4762	
-25.1256	-87.8511	79.5624	82.5491	-108.219	29.4093	
-24.6598	-87.4591	79.5624	83.9233	-107.997	28.7756	
-24.1897	-86.9194	79.5624	85.6176	-108.194	27.5936	
-23.6407	-79.5755	66.0118	89.4001	-107.831	32.9498	
-23.0917	-74.8622	57.748	92.042	-106.892	34.9176	
-22.5922	-70.6674	50.3977	94.2081	-105.945	35.8431	
-22.169	-66.7993	43.4686	95.9196	-105.17	36.0423	
-21.8191	-63.2562	36.9607	97.2469	-104.625	35.69	
-21.5311	-60.0346	30.8996	98.2552	-104.288	34.9745	
-21.2995	-57.1764	25.401	98.997	-104.152	34.0321	
-21.1189	-54.7008	20.5386	99.4952	-104.163	33.0205	
-20.9951	-52.6872	16.5008	99.7899	-104.334	32.0315	
-20.9267	-51.151	13.3576	99.8659	-104.575	31.2223	
-20.9301	-50.2068	11.3636	99.7683	-104.929	30.6462	
-21.0067	-49.8947	10.6367	99.4752	-105.315	30.434	
-21.1599	-50.3044	11.3868	98.9919	-105.705	30.6659	
-21.3807	-51.4905	13.751	98.3287	-106.065	31.3802	
-21.644	-53.3619	17.5571	97.5458	-106.409	32.4494	
-21.9104	-55.727	22.4397	96.6611	-106.659	33.7694	
-22.159	-58.4812	28.1984	95.7384	-106.853	35.145	
-22.3647	-61.4391	34.4815	94.7921	-106.917	36.4645	
-22.526	-64.5403	41.1782	93.8801	-106.938	37.4826	
-22.6273	-67.5134	47.768	93.0169	-106.802	38.178	
-22.6734	-70.1548	53.8561	92.2796	-106.569	38.4569	
-22.6626	-71.9378	58.4031	91.7991	-106.217	38.5662	
-22.5935	-72.01	59.7126	91.7986	-105.749	39.0919	
-22.4605	-69.8214	56.6815	92.3799	-105.13	40.4072	
-22.273	-66.2833	51.0904	93.2752	-104.43	41.795	
-22.0367	-62.2016	44.4953	94.2687	-103.693	42.7673	
-21.7525	-57.9416	37.571	95.2481	-102.894	43.3051	
-21.4363	-53.8393	30.9296	96.1816	-102.151	43.4156	
-21.105	-50.0789	24.8861	97.0402	-101.497	43.2616	
-20.7794	-46.7924	19.6603	97.7574	-100.91	43.0573	
-20.5026	-44.2183	15.6845	98.3273	-100.508	42.8864	
-20.313	-42.5042	13.2238	98.6666	-100.278	42.9282	
-20.2549	-41.8538	12.6543	98.7125	-100.258	43.2964	
-20.3525	-42.4146	14.251	98.4211	-100.469	44.0529	
-20.5728	-44.0402	17.7515	97.8379	-100.869	45.1142	
-20.8696	-46.5606	22.8547	97.0472	-101.441	46.3087	
-21.1929	-49.7651	29.185	96.0734	-102.084	47.511	
-21.5097	-53.5283	36.5394	94.971	-102.779	48.4928	
-21.7958	-57.7532	44.7802	93.7594	-103.491	48.99	
-22.0312	-62.3424	53.777	92.4188	-104.113	48.7344	
-22.2103	-67.5407	64.0875	90.8832	-104.627	47.0938	
-22.3044	-75.2317	79.5624	88.5564	-104.577	41.7146	
-22.2918	-75.1106	79.5624	88.1765	-103.897	42.9884	
-22.2918	-74.8473	79.5624	88.0899	-104.34	42.7373	
-22.2476	-69.155	68.8774	89.5377	-105.08	46.6873	
-22.0908	-63.2911	57.9791	90.862	-104.891	49.6579	
-21.8799	-58.383	49.0633	91.9172	-104.568	50.8633	
-21.6235	-53.9563	41.0999	92.8485	-104.164	51.1647	
-21.3379	-50.0246	34.0434	93.6774	-103.736	50.9097	
-21.0458	-46.6809	28.0143	94.3905	-103.314	50.3573	
-20.7807	-44.0798	23.2622	94.9626	-102.95	49.693	
-20.5793	-42.3626	20.0207	95.328	-102.639	49.1115	
-20.4894	-41.7705	18.7198	95.4591	-102.474	48.6944	
-20.5347	-42.4229	19.5672	95.2945	-102.441	48.5484	
-20.6943	-44.1903	22.3425	94.8977	-102.558	48.5891	
-20.9229	-46.8256	26.6115	94.3018	-102.743	48.752	
-21.1847	-50.1708	32.1151	93.5783	-103.004	48.8708	
-21.4467	-54.0456	38.559	92.7621	-103.295	48.798	
-21.6856	-58.2881	45.693	91.8837	-103.577	48.3573	
-21.8869	-62.7612	53.3216	90.9698	-103.824	47.3395	
-22.0402	-67.2668	61.1317	90.0486	-103.981	45.5966	
-22.1435	-71.5689	68.735	89.1895	-104.073	43.0194	
-22.1844	-73.5263	71.9166	88.9061	-104.043	41.4835	
-22.1609	-70.971	66.3784	89.7635	-104.001	43.0118	
-22.0742	-66.9782	58.2547	90.9572	-103.795	44.6405	
-21.9307	-62.8143	50.0179	92.1678	-103.456	45.4087	
-21.7344	-58.7096	42.058	93.3406	-103.024	45.4371	
-21.4941	-54.8152	34.6062	94.452	-102.554	44.9293	
-21.2232	-51.2601	27.854	95.4716	-102.081	44.1101	
-20.9466	-48.2102	22.0706	96.3683	-101.661	43.1588	
-20.6947	-45.811	17.4929	97.0767	-101.308	42.2723	
-20.5131	-44.2781	14.4987	97.559	-101.108	41.5624	
-20.4429	-43.7937	13.406	97.7276	-101.073	41.1789	
-20.5112	-44.5114	14.4849	97.5327	-101.232	41.189	
-20.6919	-46.2888	17.4704	97.0189	-101.558	41.5174	
-20.9447	-48.953	22.0473	96.2669	-102.039	42.0073	
-21.2252	-52.3018	27.8481	95.3109	-102.592	42.5344	
-21.5039	-56.2006	34.6433	94.2083	-103.203	42.8912	
-21.7571	-60.4994	42.1808	92.9824	-103.811	42.8818	
-21.9722	-65.0909	50.2984	91.6513	-104.375	42.2585	
-22.142	-69.8722	58.8472	90.2203	-104.826	40.7668	
-22.2652	-74.8341	67.8677	88.6866	-105.121	38.055	
-22.3358	-79.5764	76.6152	87.148	-105.152	34.1851	
-22.3576	-77.8542	72.5855	87.3616	-105.354	35.4447	
-22.3314	-73.7114	63.8804	88.2411	-105.508	37.8198	
-22.2618	-69.6799	55.5462	89.0984	-105.51	38.9869	
-22.1492	-65.7734	47.5697	89.9337	-105.368	39.2565	
-22.0021	-62.1245	40.1743	90.7572	-105.174	38.8148	
-21.8244	-58.7541	33.3641	91.5642	-104.907	37.9681	
-21.6317	-55.7899	27.3567	92.3467	-104.612	36.9079	
-21.4444	-53.3498	22.3545	93.0781	-104.307	35.8341	
-21.2966	-51.6201	18.6952	93.7541	-104.078	34.869	
-21.2179	-50.7276	16.6042	94.3138	-103.914	34.2009	
-21.2343	-50.7965	16.3085	94.7258	-103.847	33.9223	
-21.3358	-51.7097	17.5904	95.0005	-103.876	33.9948	
-21.4979	-53.3056	20.1518	95.1574	-103.988	34.3324	
-21.6939	-55.4319	23.7133	95.2116	-104.162	34.8389	
-21.9052	-57.9901	28.1019	95.1998	-104.443	35.3573	
-22.1037	-60.7627	32.9171	95.0921	-104.719	35.8578	
-22.2817	-63.6537	37.9943	94.9238	-105.05	36.1743	
-22.4268	-66.4535	42.9484	94.6963	-105.385	36.2612	
-22.5313	-68.8983	47.2861	94.4368	-105.686	36.1278	
-22.5922	-70.6674	50.3977	94.2081	-105.945	35.8431	
-22.6037	-71.3544	51.4946	94.089	-106.096	35.6328	
-22.5758	-70.9994	50.6439	94.1165	-106.198	35.5131	
-22.5083	-69.7169	48.0562	94.2743	-106.212	35.4874	
-22.4072	-67.8022	44.3004	94.5298	-106.196	35.3693	
-22.2723	-65.454	39.7538	94.8579	-106.152	35.074	
-22.1084	-62.875	34.7977	95.2622	-106.139	34.5124	
-21.9095	-60.1175	29.5185	95.7343	-106.095	33.7548	
-21.6785	-57.2939	24.1177	96.2907	-106.05	32.8071	
-21.4235	-54.5175	18.7966	96.9726	-106.061	31.6732	
-21.141	-51.799	13.5613	97.768	-106.06	30.4646	
-20.8454	-49.2487	8.60713	98.7208	-106.121	29.1831	
-20.5387	-46.89	3.97266	99.7815	-106.199	27.9021	
-20.2307	-44.775	-0.247701	100.908	-106.298	26.6595	
-19.9345	-42.9531	-3.96341	102.054	-106.416	25.4944	
-19.6617	-41.4547	-7.11549	103.144	-106.525	24.4596	
-19.4439	-40.3725	-9.53666	104.173	-106.696	23.5584	
-19.2955	-39.7329	-11.1748	105.053	-106.892	22.8475	
-19.2366	-39.5911	-11.9273	105.727	-107.12	22.3607	
-19.2834	-40.0069	-11.6853	106.141	-107.385	22.1303	
-19.4442	-41.0466	-10.3302	106.246	-107.694	22.1858	
-19.7106	-42.7492	-7.79749	106.021	-108.045	22.532	
-20.041	-45.0149	-4.28285	105.531	-108.427	23.0898	
-20.3906	-47.7068	-0.0482781	104.856	-108.822	23.7575	
-20.7311	-50.7093	4.68464	104.091	-109.254	24.4122	
-21.026	-53.8342	9.57047	103.262	-109.644	24.9849	
-21.264	-56.9365	14.3375	102.445	-110.003	25.3745	
-21.4359	-59.836	18.6508	101.701	-110.313	25.5097	
-21.5404	-62.351	22.1701	101.105	-110.585	25.3223	
-21.5675	-64.2296	24.4237	100.716	-110.755	24.8124	
-21.5142	-65.2577	25.0088	100.622	-110.823	23.9443	
-21.3747	-65.2974	23.6756	100.87	-110.775	22.6932	
-21.1529	-64.493	20.731	101.395	-110.593	21.1115	
-20.8662	-63.1266	16.7441	102.132	-110.357	19.2084	
-20.5181	-61.3949	12.123	102.994	-110.045	17.0783	
-20.1216	-59.502	7.28319	103.915	-109.683	14.8147	
-19.6927	-57.6151	2.56772	104.823	-109.275	12.5506	
-19.2708	-55.9377	-1.62532	105.686	-108.908	10.4013	
-18.8895	-54.608	-5.01866	106.421	-108.575	8.54259	
-18.5982	-53.7891	-7.29628	106.957	-108.316	7.13713	
-18.4487	-53.6469	-8.13935	107.223	-108.167	6.34828	
-18.4732	-54.2993	-7.3261	107.172	-108.156	6.28157	
-18.6403	-55.6522	-5.06205	106.847	-108.265	6.83224	
-18.8986	-57.5618	-1.64891	106.317	-108.466	7.83423	
-19.1983	-59.886	2.61582	105.646	-108.727	9.1184	
-19.505	-62.5073	7.47489	104.91	-109.06	10.4988	
-19.7784	-65.245	12.5566	104.132	-109.384	11.8454	
-20.0015	-67.954	17.544	103.373	-109.696	13.0085	
-20.1596	-70.4491	22.0422	102.683	-109.967	13.8798	
-20.2518	-72.5641	25.6855	102.143	-110.231	14.3383	
-20.259	-74.0079	27.8742	101.801	-110.38	14.3847	
-20.1807	-74.6203	28.2657	101.732	-110.435	13.972	
-20.0247	-74.4592	26.9906	101.92	-110.406	13.1463	
-19.7965	-73.6652	24.3551	102.322	-110.299	11.9449	
-19.4961	-72.3806	20.6725	102.886	-110.11	10.3986	
-19.1323	-70.7838	16.3212	103.585	-109.899	8.5055	
-18.7038	-68.9837	11.5492	104.377	-109.652	6.33096	
-18.2113	-67.0767	6.57884	105.223	-109.357	3.95379	
-17.676	-65.2067	1.70915	106.132	-109.105	1.42148	
-17.1049	-63.435	-2.91113	107.059	-108.865	-1.14374	
-16.5209	-61.855	-7.0845	107.98	-108.663	-3.63733	
-15.9508	-60.5374	-10.6648	108.872	-108.522	-5.96068	
-15.4105	-59.4691	-13.6737	109.72	-108.443	-8.07828	
-14.9044	-58.6036	-16.1934	110.489	-108.39	-9.96291	
-14.4571	-57.9472	-18.2182	111.212	-108.411	-11.6257	
-14.0686	-57.4553	-19.8248	111.851	-108.465	-13.0428	
-13.7449	-57.1028	-21.0562	112.398	-108.539	-14.2061	
-13.4905	-56.8649	-21.9529	112.84	-108.622	-15.1096	
-13.3084	-56.7168	-22.554	113.168	-108.7	-15.7496	
-13.2003	-56.6331	-22.8975	113.371	-108.758	-16.1245	
-13.1671	-56.5877	-23.0207	113.441	-108.783	-16.2346	
-13.2089	-56.5637	-22.9479	113.368	-108.765	-16.0814	
-13.3252	-56.5822	-22.6519	113.161	-108.713	-15.666	
-13.5146	-56.6732	-22.0926	112.83	-108.641	-14.9906	
-13.7749	-56.8662	-21.229	112.385	-108.563	-14.0596	
-14.1026	-57.1904	-20.019	111.836	-108.492	-12.8793	
-14.4927	-57.6748	-18.4186	111.194	-108.439	-11.4582	
-14.9383	-58.3489	-16.3817	110.472	-108.416	-9.80706	
-15.4387	-59.2622	-13.8276	109.704	-108.464	-7.95236	
-15.9681	-60.4136	-10.7576	108.862	-108.535	-5.8858	
-16.5209	-61.855	-7.0845	107.98	-108.663	-3.63733	
-17.0798	-63.6038	-2.78338	107.075	-108.849	-1.24591	
-17.6167	-65.5854	1.99285	106.171	-109.072	1.18523	
-18.108	-67.7006	7.0369	105.29	-109.308	3.54679	
-18.5472	-69.8837	12.1938	104.479	-109.592	5.70967	
-18.9128	-71.9809	17.1476	103.724	-109.834	7.62462	
-19.2043	-73.8854	21.6583	103.063	-110.044	9.21118	
-19.4254	-75.4844	25.4722	102.542	-110.25	10.3957	
-19.5657	-76.573	28.1636	102.183	-110.375	11.1933	
-19.6265	-76.9963	29.3975	102.042	-110.431	11.5721	
-19.6023	-76.6	28.845	102.164	-110.411	11.4941	
-19.4847	-75.3179	26.3691	102.559	-110.301	10.9106	
-19.2759	-73.3177	22.3489	103.15	-110.073	9.87376	
-18.9976	-70.8995	17.4254	103.882	-109.835	8.39376	
-18.6534	-68.2326	11.9936	104.673	-109.547	6.60922	
-18.2563	-65.4834	6.43669	105.46	-109.208	4.66698	
-17.8446	-62.858	1.19515	106.231	-108.921	2.69569	
-17.4455	-60.4676	-3.46622	106.913	-108.653	0.913536	
-17.1086	-58.4584	-7.2308	107.453	-108.439	-0.479388	
-16.8936	-56.9754	-9.78958	107.79	-108.31	-1.27489	
-16.8634	-56.1656	-10.8296	107.856	-108.298	-1.26754	
-17.0568	-56.1259	-10.1389	107.605	-108.419	-0.331117	
-17.4346	-56.7441	-7.95353	107.08	-108.648	1.38748	
-17.9322	-57.8612	-4.61031	106.352	-108.943	3.66646	
-18.4878	-59.3228	-0.4424	105.487	-109.266	6.28642	
-19.049	-60.9754	4.20817	104.549	-109.58	9.04068	
-19.5835	-62.6926	9.03534	103.623	-109.901	11.7154	
-20.0519	-64.2703	13.5865	102.736	-110.141	14.173	
-20.438	-65.5427	17.465	101.971	-110.309	16.259	
-20.7256	-66.3082	20.2045	101.4	-110.387	17.8564	
-20.8986	-66.3552	21.3181	101.104	-110.365	18.8597	
-20.9456	-65.5551	20.5008	101.14	-110.248	19.1862	
-20.8789	-64.0469	18.0508	101.458	-110.048	18.9132	
-20.7134	-62.0469	14.4402	101.983	-109.782	18.1437	
-20.4644	-59.7657	10.1306	102.645	-109.472	16.9853	
-20.15	-57.3925	5.54041	103.383	-109.14	15.5688	
-19.7911	-55.0817	1.02154	104.122	-108.782	14.0598	
-19.4328	-53.0258	-3.01359	104.835	-108.483	12.6007	
-19.1142	-51.3497	-6.27583	105.435	-108.232	11.3943	
-18.8904	-50.2005	-8.43952	105.849	-108.06	10.6285	
-18.8191	-49.7275	-9.17556	106.001	-108.001	10.4902	
-18.9356	-50.0297	-8.25933	105.841	-108.072	11.101	
-19.2042	-50.9925	-5.91975	105.416	-108.251	12.3471	
-19.568	-52.4518	-2.49107	104.798	-108.504	14.0515	
-19.9737	-54.2455	1.69466	104.056	-108.795	16.0373	
-20.3856	-56.2381	6.34789	103.278	-109.14	18.1109	
-20.7603	-58.2161	11.0371	102.483	-109.444	20.1488	
-21.0807	-60.0112	15.4022	101.745	-109.712	22.0001	
-21.3317	-61.4167	19.0096	101.124	-109.923	23.5524	
-21.5055	-62.2278	21.4238	100.7	-110.089	24.6965	
-21.5824	-62.1772	22.0932	100.53	-110.145	25.3843	
-21.5483	-61.1126	20.6945	100.659	-110.067	25.5579	
-21.4198	-59.2524	17.6515	101.072	-109.945	25.2053	
-21.1971	-56.8053	13.387	101.686	-109.742	24.4229	
-20.8866	-54.0053	8.36852	102.445	-109.475	23.2838	
-20.4975	-51.0589	3.00909	103.3	-109.158	21.8897	
-20.0419	-48.1365	-2.34564	104.19	-108.782	20.3755	
-19.5565	-45.4375	-7.30393	105.097	-108.411	18.8591	
-19.0772	-43.0973	-11.5858	105.938	-108.028	17.5085	
-18.6607	-41.2678	-14.8824	106.641	-107.652	16.4786	
-18.3748	-40.0983	-16.8873	107.124	-107.306	15.9247	
-18.2753	-39.6944	-17.3805	107.317	-107.006	15.9597	
-18.3579	-39.9857	-16.4981	107.236	-106.755	16.5372	
-18.5913	-40.8648	-14.4531	106.925	-106.548	17.5649	
-18.9367	-42.2294	-11.4497	106.432	-106.379	18.9472	
-19.3566	-43.9798	-7.68889	105.806	-106.244	20.5873	
-19.8262	-46.0353	-3.33828	105.111	-106.169	22.3729	
-20.3139	-48.2611	1.34083	104.343	-106.106	24.2346	
-20.8108	-50.5612	6.15231	103.544	-106.074	26.0741	
-21.3109	-52.8174	10.8598	102.737	-106.075	27.8122	
-21.8137	-54.8987	15.2023	101.941	-106.108	29.3817	
-22.3257	-56.705	18.9784	101.185	-106.208	30.7137	
-22.8397	-58.1489	22.027	100.434	-106.317	31.8414	
-23.3552	-59.214	24.3217	99.6846	-106.453	32.7569	
-23.8668	-59.8748	25.8204	98.927	-106.615	33.4613	
-24.3675	-60.1128	26.4949	98.1503	-106.803	33.9487	
-24.8479	-59.9174	26.3331	97.3427	-107.02	34.2057	
-25.2967	-59.2858	25.3384	96.4907	-107.263	34.2113	
-25.7006	-58.2228	23.5293	95.579	-107.533	33.9371	
-26.0441	-56.74	20.9379	94.5924	-107.829	33.3482	
-26.3075	-54.8414	17.5809	93.5096	-108.135	32.4184	
-26.4783	-52.5901	13.5838	92.3475	-108.494	31.0923	
-26.5452	-50.057	9.07546	91.1318	-108.874	29.4311	
-26.5032	-47.34	4.23095	89.9118	-109.266	27.4988	
-26.3483	-44.5274	-0.793617	88.7381	-109.659	25.3689	
-26.0764	-41.6843	-5.88633	87.6411	-110.016	23.1351	
-25.6961	-38.9227	-10.8483	86.7107	-110.373	20.8503	
-25.212	-36.2947	-15.591	85.9667	-110.688	18.6183	
-24.6402	-33.8711	-19.9899	85.4453	-110.947	16.5232	
-24.0058	-31.7194	-23.9234	85.1736	-111.138	14.6477	
-23.3468	-29.9244	-27.2365	85.2024	-111.275	13.0657	
-22.6976	-28.4965	-29.9025	85.4645	-111.305	11.8503	
-22.0874	-27.4375	-31.9112	85.932	-111.256	10.9799	
-21.5347	-26.719	-33.3057	86.5406	-111.14	10.4213	
-21.052	-26.3159	-34.1257	87.2318	-110.97	10.1409	
-20.6461	-26.2055	-34.4069	87.9529	-110.758	10.1053	
-20.3178	-26.3676	-34.1825	88.6574	-110.516	10.2819	
-20.0633	-26.7847	-33.483	89.304	-110.256	10.6382	
-19.8748	-27.4408	-32.3368	89.8555	-109.989	11.1424	
-19.7424	-28.3215	-30.7711	90.2771	-109.728	11.7625	
-19.6551	-29.4129	-28.8117	90.5348	-109.481	12.4662	
-19.6005	-30.6914	-26.4996	90.6084	-109.259	13.2238	
-19.5634	-32.0909	-23.9388	90.5297	-109.066	14.0179	
-19.5327	-33.5323	-21.2523	90.3388	-108.905	14.8341	
-19.5033	-34.9329	-18.5678	90.0694	-108.782	15.659	
-19.475	-36.207	-16.018	89.7508	-108.699	16.4802	
-19.4509	-37.2654	-13.7409	89.4089	-108.662	17.2873	
-19.4365	-38.0166	-11.8791	89.0678	-108.678	18.0717	
-19.4376	-38.3675	-10.5784	88.7519	-108.753	18.8264	
-19.4586	-38.2257	-9.98465	88.4868	-108.897	19.5447	
-19.5007	-37.5015	-10.2396	88.3017	-109.123	20.2191	
-19.5581	-36.1516	-11.4164	88.2222	-109.438	20.8429	
-19.6166	-34.2992	-13.3396	88.244	-109.837	21.4206	
-19.6593	-32.1087	-15.7727	88.3557	-110.304	21.9602	
-19.6724	-29.7414	-18.4847	88.5445	-110.824	22.4725	
-19.6477	-27.3526	-21.2529	88.7921	-111.377	22.971	
-19.5858	-25.0906	-23.8638	89.0722	-111.939	23.4706	
-19.4976	-23.0959	-26.1115	89.3481	-112.48	23.9859	
-19.4034	-21.5021	-27.7958	89.5727	-112.969	24.5292	
-19.3292	-20.4387	-28.7185	89.6919	-113.368	25.1094	
-19.2995	-20.0361	-28.6787	89.6528	-113.64	25.7339	
-19.3228	-20.3823	-27.5426	89.4289	-113.759	26.406	
-19.3763	-21.3747	-25.4685	89.0645	-113.744	27.1128	
-19.4288	-22.864	-22.686	88.6218	-113.627	27.837	
-19.4556	-24.6981	-19.4268	88.1553	-113.442	28.559	
-19.444	-26.7167	-15.93	87.7061	-113.221	29.2572	
-19.3945	-28.7497	-12.4459	87.302	-112.993	29.9103	
-19.3185	-30.6163	-9.23922	86.9603	-112.784	30.4999	
-19.2349	-32.1266	-6.58937	86.6924	-112.619	31.0129	
-19.166	-33.0839	-4.78792	86.5081	-112.52	31.442	
-19.1326	-33.2907	-4.1295	86.4195	-112.512	31.7821	
-19.1451	-32.6194	-4.80379	86.437	-112.615	32.0299	
-19.1907	-31.2057	-6.60563	86.5511	-112.821	32.196	
-19.2471	-29.2545	-9.22571	86.7504	-113.116	32.2936	
-19.2919	-26.969	-12.3589	87.0257	-113.485	32.3386	
-19.307	-24.545	-15.7131	87.3655	-113.911	32.3532	
-19.2837	-22.1678	-19.0115	87.7514	-114.372	32.3646	
-19.2258	-20.0113	-21.9914	88.1538	-114.842	32.4024	
-19.1505	-18.2387	-24.4009	88.5293	-115.289	32.4952	
-19.0802	-16.9861	-26.0234	88.7962	-115.648	32.6604	
-19.0572	-16.4459	-26.5526	88.9459	-115.935	32.9331	
-19.0935	-16.7038	-25.8504	88.9147	-116.097	33.3221	
-19.1707	-17.6531	-24.0823	88.7387	-116.15	33.8136	
-19.2564	-19.1383	-21.4931	88.4766	-116.122	34.3868	
-19.3219	-21.0022	-18.3271	88.183	-116.043	35.0189	
-19.3493	-23.08	-14.8346	87.9007	-115.939	35.6846	
-19.3344	-25.1964	-11.2768	87.6592	-115.831	36.3582	
-19.285	-27.1644	-7.92914	87.4777	-115.737	37.0171	
-19.2232	-28.8076	-5.04473	87.3937	-115.702	37.6335	
-19.1608	-29.8813	-3.00077	87.3738	-115.683	38.2165	
-19.1231	-30.1947	-2.07754	87.4535	-115.72	38.7534	
-19.1217	-29.6112	-2.48429	87.6422	-115.823	39.238	
-19.1472	-28.2702	-4.02891	87.9202	-115.986	39.6597	
-19.1762	-26.3673	-6.44404	88.2421	-116.173	40.0121	
-19.1995	-24.1547	-9.36012	88.6304	-116.429	40.2636	
-19.1968	-21.8168	-12.5306	89.0381	-116.711	40.4179	
-19.1615	-19.5496	-15.6842	89.4376	-117.002	40.472	
-19.0982	-17.5377	-18.5633	89.793	-117.278	40.4251	
-19.0235	-15.9557	-20.9212	90.0573	-117.509	40.2757	
-18.9629	-14.9703	-22.5168	90.1736	-117.661	40.0199	
-18.9443	-14.7473	-23.1091	90.0811	-117.701	39.6528	
-18.982	-15.3994	-22.5343	89.7441	-117.608	39.1749	
-19.0582	-16.8094	-20.957	89.2124	-117.406	38.6047	
-19.1433	-18.8065	-18.6195	88.5603	-117.133	37.9641	
-19.2111	-21.2176	-15.764	87.8571	-116.823	37.2703	
-19.246	-23.861	-12.6395	87.162	-116.506	36.5365	
-19.2454	-26.5448	-9.50538	86.5231	-116.206	35.7738	
-19.2231	-29.085	-6.5997	86.0031	-115.967	34.9859	
-19.1885	-31.2328	-4.27533	85.5948	-115.752	34.2051	
-19.1679	-32.7851	-2.80132	85.3542	-115.595	33.4483	
-19.1828	-33.5221	-2.47792	85.3188	-115.505	32.7399	
-19.2443	-33.3009	-3.49555	85.5154	-115.484	32.0964	
-19.3389	-32.2624	-5.64153	85.9143	-115.516	31.5121	
-19.4386	-30.605	-8.6297	86.4543	-115.556	30.9838	
-19.5266	-28.5762	-12.0861	87.138	-115.637	30.4873	
-19.578	-26.3594	-15.754	87.9011	-115.714	30.0343	
-19.5811	-24.1476	-19.357	88.6957	-115.77	29.6311	
-19.5372	-22.122	-22.6336	89.4626	-115.785	29.2861	
-19.4621	-20.4535	-25.3338	90.1283	-115.737	29.0069	
-19.384	-19.3048	-27.214	90.6062	-115.601	28.7973	
-19.3363	-18.8358	-28.0311	90.8045	-115.351	28.6587	
-19.3399	-19.1575	-27.6203	90.6647	-114.972	28.5881	
-19.3816	-20.1727	-26.148	90.2435	-114.482	28.5675	
-19.4329	-21.7371	-23.8575	89.6323	-113.915	28.5748	
-19.4718	-23.7252	-20.9601	88.9449	-113.326	28.5838	
-19.4721	-25.9492	-17.762	88.206	-112.696	28.565	
-19.4349	-28.2662	-14.4922	87.4997	-112.076	28.4893	
-19.3686	-30.5051	-11.4212	86.8731	-111.491	28.3263	
-19.2913	-32.4848	-8.83392	86.364	-110.963	28.0487	
-19.2256	-34.017	-7.02723	86.0064	-110.514	27.6333	
-19.1949	-34.9112	-6.30266	85.8343	-110.163	27.0593	
-19.2132	-35.0379	-6.86132	85.8729	-109.924	26.3146	
-19.2713	-34.5025	-8.51918	86.0996	-109.783	25.4258	
-19.3494	-33.4727	-10.9898	86.4844	-109.722	24.4279	
-19.4264	-32.1162	-13.9887	87.0002	-109.726	23.3582	
-19.4841	-30.595	-17.2419	87.6182	-109.78	22.2586	
-19.5115	-29.0636	-20.4883	88.304	-109.87	21.1758	
-19.5074	-27.6683	-23.4796	89.0136	-109.984	20.1598	
-19.4826	-26.5479	-25.9776	89.6909	-110.114	19.2617	
-19.4581	-25.8363	-27.7502	90.2688	-110.25	18.5325	
-19.4593	-25.6661	-28.5667	90.6748	-110.387	18.0221	
-19.5026	-26.1289	-28.2695	90.8574	-110.521	17.7634	
-19.5772	-27.1422	-27.0059	90.8442	-110.653	17.7233	
-19.6596	-28.5825	-24.9947	90.6879	-110.779	17.8511	
-19.7237	-30.3083	-22.4829	90.4146	-110.872	18.1004	
-19.7629	-32.2265	-19.6327	90.1216	-110.975	18.4076	
-19.7683	-34.1833	-16.7039	89.8159	-111.055	18.7245	
-19.7455	-36.0364	-13.9354	89.5236	-111.103	19.001	
-19.7115	-37.6557	-11.5427	89.2902	-111.135	19.1781	
-19.676	-38.8515	-9.84805	89.0855	-111.093	19.2355	
-19.6606	-39.4854	-9.08242	88.9517	-110.989	19.1221	
-19.6761	-39.4515	-9.4245	88.9029	-110.82	18.8092	
-19.7165	-38.8384	-10.7282	88.9313	-110.601	18.3188	
-19.7675	-37.7863	-12.7608	89.0265	-110.351	17.6842	
-19.8133	-36.4362	-15.2898	89.1803	-110.091	16.9393	
-19.8403	-34.9255	-18.0891	89.3844	-109.841	16.1213	
-19.8394	-33.3866	-20.941	89.6273	-109.623	15.2715	
-19.8093	-31.9463	-23.6373	89.8923	-109.456	14.4343	
-19.7573	-30.7261	-25.9775	90.1546	-109.363	13.6563	
-19.699	-29.8431	-27.7665	90.3815	-109.364	12.9847	
-19.6551	-29.4129	-28.8117	90.5348	-109.481	12.4662	
-19.6432	-29.5195	-28.9694	90.5834	-109.732	12.1383	
-19.6648	-30.1213	-28.2943	90.5313	-110.103	12.0044	
-19.7062	-31.1324	-26.9134	90.3719	-110.551	12.0635	
-19.7609	-32.5213	-24.8618	90.1867	-111.101	12.297	
-19.8093	-34.2029	-22.2636	89.9694	-111.706	12.7016	
-19.8393	-36.1097	-19.2111	89.7415	-112.341	13.2674	
-19.8431	-38.1725	-15.7975	89.5204	-112.98	13.9837	
-19.8189	-40.3199	-12.1183	89.3193	-113.598	14.8403	
-19.7699	-42.4776	-8.2723	89.1471	-114.166	15.8282	
-19.704	-44.5681	-4.36387	89.0104	-114.658	16.9411	
-19.631	-46.5206	-0.501243	88.9122	-115.049	18.1636	
-19.5603	-48.3239	3.24972	88.8664	-115.365	19.4163	
-19.489	-49.9211	6.71992	88.8356	-115.562	20.6512	
-19.4257	-51.2989	9.8197	88.83	-115.667	21.7894	
-19.3758	-52.4256	12.4232	88.8468	-115.686	22.7675	
-19.3447	-53.2662	14.3979	88.885	-115.629	23.5254	
-19.3367	-53.785	15.6096	88.9446	-115.503	24.0041	
-19.3549	-53.9494	15.9297	89.0251	-115.316	24.1409	
-19.3998	-53.7338	15.2441	89.124	-115.075	23.8656	
-19.468	-53.1231	13.4606	89.2358	-114.783	23.0959	
-19.5503	-52.1365	10.5799	89.353	-114.44	21.7702	
-19.6293	-50.8863	6.88203	89.4683	-114.053	19.9586	
-19.6872	-49.4971	2.6956	89.5801	-113.628	17.7755	
-19.7057	-48.0634	-1.70908	89.6737	-113.152	15.3636	
-19.6848	-46.7205	-5.98896	89.7896	-112.694	12.8366	
-19.6204	-45.5356	-9.93102	89.9063	-112.244	10.3659	
-19.524	-44.5944	-13.2917	90.0178	-111.829	8.10979	
-19.417	-43.9814	-15.8348	90.1113	-111.488	6.23012	
-19.3273	-43.7832	-17.3248	90.1691	-111.263	4.88937	
-19.2809	-44.0906	-17.5193	90.1741	-111.196	4.24734	
-19.288	-44.9646	-16.2575	90.1207	-111.313	4.40147	
-19.3259	-46.3255	-13.7462	90.0267	-111.578	5.21946	
-19.3629	-48.0602	-10.2793	89.9145	-111.938	6.50825	
-19.3737	-50.0551	-6.15105	89.8	-112.341	8.07445	
-19.3451	-52.1926	-1.66634	89.6897	-112.741	9.72935	
-19.2815	-54.3684	2.88975	89.6018	-113.126	11.2758	
-19.187	-56.4125	7.10669	89.5009	-113.416	12.5754	
-19.0827	-58.1847	10.6244	89.401	-113.6	13.4705	
-18.9898	-59.5135	13.0223	89.308	-113.652	13.8339	
-18.9281	-60.2201	13.866	89.2319	-113.54	13.546	
-18.9072	-60.1905	12.8792	89.179	-113.244	12.5256	
-18.9149	-59.5461	10.3628	89.1421	-112.789	10.8744	
-18.9301	-58.4722	6.77291	89.1118	-112.207	8.73461	
-18.9316	-57.1454	2.54867	89.0853	-111.534	6.25817	
-18.8993	-55.7081	-1.93899	89.047	-110.785	3.63262	
-18.833	-54.3423	-6.25097	89.0429	-110.064	1.01329	
-18.7332	-53.1582	-10.0903	89.0529	-109.393	-1.37364	
-18.6188	-52.2853	-13.1326	89.0732	-108.844	-3.31507	
-18.5194	-51.8534	-15.0609	89.0928	-108.495	-4.59396	
-18.4672	-51.9967	-15.5535	89.0988	-108.429	-4.9951	
-18.4774	-52.8087	-14.3872	89.0852	-108.696	-4.38344	
-18.5274	-54.2019	-11.778	89.0631	-109.241	-2.92124	
-18.5813	-56.0467	-8.04166	89.0464	-109.975	-0.850695	
-18.6087	-58.2156	-3.49101	89.043	-110.813	1.5841	
-18.5926	-60.5797	1.55233	89.0509	-111.673	4.14368	
-18.5358	-63.0291	6.79395	89.0819	-112.522	6.57558	
-18.4415	-65.3771	11.7884	89.0913	-113.243	8.70429	
-18.3325	-67.4685	16.1428	89.0935	-113.804	10.3315	
-18.2328	-69.1036	19.375	89.1005	-114.154	11.3072	
-18.1659	-70.0613	20.9612	89.1363	-114.239	11.5055	
-18.1473	-70.1903	20.5445	89.2222	-114.028	10.8393	
-18.1677	-69.5887	18.3735	89.3455	-113.55	9.41224	
-18.2073	-68.4374	14.8907	89.4801	-112.847	7.35169	
-18.2439	-66.9163	10.5376	89.6063	-111.966	4.78671	
-18.257	-65.1847	5.7144	89.7172	-110.956	1.8707	
-18.2277	-63.3619	0.740314	89.7984	-109.847	-1.19793	
-18.1562	-61.6079	-3.99559	89.8982	-108.759	-4.25591	
-18.0423	-60.0096	-8.25006	90.003	-107.73	-7.06246	
-17.9031	-58.6763	-11.7477	90.1158	-106.843	-9.39246	
-17.7665	-57.7185	-14.2193	90.2333	-106.191	-11.0164	
-17.6628	-57.2237	-15.4632	90.3459	-105.852	-11.7582	
-17.6055	-57.1765	-15.5473	90.4398	-105.821	-11.6603	
-17.5935	-57.5377	-14.5938	90.5037	-106.067	-10.8277	
-17.6164	-58.2704	-12.7136	90.5295	-106.549	-9.37278	
-17.659	-59.34	-10.0095	90.51	-107.222	-7.41403	
-17.7057	-60.7147	-6.57834	90.4366	-108.043	-5.07383	
-17.7434	-62.3657	-2.51341	90.2973	-108.969	-2.47754	
-17.767	-64.2876	2.13236	90.095	-109.988	0.227516	
-17.7669	-66.4261	7.21114	89.7715	-111.017	2.94427	
-17.7473	-68.7777	12.6677	89.3173	-112.046	5.52521	
-17.7126	-71.3214	18.4193	88.7081	-113.043	7.85021	
-17.6664	-74.0406	24.4242	87.9529	-114.001	9.82792	
-17.6048	-76.866	30.5479	87.0504	-114.847	11.4307	
-17.5399	-79.8202	36.8317	86.022	-115.621	12.5378	
-17.4738	-82.8594	43.1904	84.8706	-116.274	13.0987	
-17.4063	-85.8992	49.4568	83.6215	-116.739	13.1124	
-17.3478	-88.9156	55.5817	82.3108	-117.032	12.5161	
-17.3044	-91.7961	61.3414	81.0109	-117.151	11.3479	
-17.2767	-94.1341	65.921	79.9389	-117.119	9.97416	
-17.2677	-95.0587	67.5725	79.5545	-117.102	9.27241	
-17.2798	-93.9846	65.1256	80.1668	-117.229	9.83518	
-17.3101	-91.7293	60.2319	81.3575	-117.33	10.8453	
-17.3572	-89.0904	54.5052	82.7106	-117.283	11.5349	
-17.4107	-86.2992	48.4213	84.0755	-117.026	11.76	
-17.4656	-83.4896	42.262	85.369	-116.576	11.488	
-17.5213	-80.7534	36.2227	86.5519	-115.993	10.738	
-17.5687	-78.0908	30.3165	87.6074	-115.274	9.63354	
-17.6102	-75.5677	24.6842	88.5261	-114.49	8.2317	
-17.6378	-73.1747	19.321	89.2859	-113.62	6.67114	
-17.6588	-70.9792	14.3673	89.8817	-112.737	5.01422	
-17.6744	-68.9975	9.86434	90.3017	-111.852	3.36049	
-17.6845	-67.2257	5.81183	90.5729	-110.989	1.76182	
-17.6853	-65.6383	2.1678	90.7097	-110.141	0.273659	
-17.6849	-64.2698	-0.99734	90.7748	-109.379	-1.10864	
-17.6802	-63.0981	-3.71902	90.7735	-108.689	-2.33546	
-17.6732	-62.1262	-5.98602	90.728	-108.088	-3.38252	
-17.6659	-61.3587	-7.78385	90.659	-107.593	-4.22814	
-17.6602	-60.8016	-9.09499	90.5861	-107.22	-4.85301	
-17.657	-60.4623	-9.89893	90.5284	-106.984	-5.23997	
-17.6561	-60.3491	-10.1721	90.5052	-106.901	-5.37387	
-17.6562	-60.468	-9.89702	90.5295	-106.979	-5.24547	
-17.6586	-60.8128	-9.09128	90.5881	-107.21	-4.86368	
-17.6636	-61.3746	-7.77854	90.662	-107.579	-4.24331	
-17.6703	-62.1458	-5.97942	90.7317	-108.072	-3.40118	
-17.6771	-63.1201	-3.71158	90.7778	-108.671	-2.35627	
-17.6817	-64.2923	-0.989633	90.7793	-109.361	-1.12992	
-17.6823	-65.6593	2.17507	90.714	-110.124	0.253901	
-17.682	-67.2428	5.8179	90.5765	-110.976	1.74585	
-17.6729	-69.0077	9.86804	90.3039	-111.844	3.35102	
-17.6588	-70.9792	14.3673	89.8817	-112.737	5.01422	
-17.6398	-73.1609	19.3158	89.2828	-113.63	6.68359	
-17.6144	-75.538	24.6725	88.5191	-114.511	8.25832	
-17.5751	-78.0447	30.2975	87.5964	-115.306	9.67435	
-17.5297	-80.6921	36.1958	86.5368	-116.035	10.7918	
-17.4754	-83.4159	42.2272	85.3508	-116.625	11.5521	
-17.4212	-86.2175	48.3781	84.0558	-117.077	11.8308	
-17.3673	-89.0077	54.4557	82.6919	-117.332	11.6065	
-17.3186	-91.6571	60.1839	81.3424	-117.372	10.908	
-17.285	-93.9368	65.0886	80.1587	-117.255	9.87726	
-17.2677	-95.0587	67.5725	79.5545	-117.102	9.27241	
-17.2697	-94.2023	65.9769	79.949	-117.083	9.91373	
-17.2894	-91.9304	61.4369	81.0367	-117.076	11.2304	
-17.3247	-89.1068	55.6969	82.3541	-116.917	12.3503	
-17.3762	-86.1395	49.5866	83.6787	-116.589	12.9037	
-17.4387	-83.1334	43.3261	84.9366	-116.097	12.8593	
-17.5024	-80.1042	36.9592	86.0906	-115.428	12.2879	
-17.5687	-77.1343	30.6604	87.1138	-114.658	11.1923	
-17.6366	-74.2613	24.5132	88.0036	-113.842	9.62957	
-17.6945	-71.4542	18.4706	88.7376	-112.944	7.72951	
-17.7473	-68.7777	12.6677	89.3173	-112.046	5.52521	
-17.7917	-66.2449	7.14518	89.734	-111.158	3.11244	
-17.8186	-63.8664	1.95294	89.9962	-110.276	0.623251	
-17.8328	-61.7151	-2.7402	90.175	-109.487	-1.86298	
-17.8312	-59.7957	-6.89589	90.2716	-108.773	-4.19957	
-17.8209	-58.1438	-10.4206	90.3049	-108.163	-6.26971	
-17.8136	-56.7973	-13.2188	90.2883	-107.686	-7.95852	
-17.8238	-55.7966	-15.1916	90.2311	-107.373	-9.15406	
-17.8655	-55.1844	-16.2344	90.1404	-107.25	-9.74844	
-17.948	-55.0059	-16.2348	90.0243	-107.344	-9.63925	
-18.0716	-55.3083	-15.0687	89.8948	-107.671	-8.73124	
-18.2215	-56.1132	-12.6678	89.7676	-108.226	-6.98804	
-18.3682	-57.3288	-9.23671	89.6558	-108.944	-4.57877	
-18.4844	-58.8374	-5.04866	89.5676	-109.752	-1.72257	
-18.5541	-60.5224	-0.383401	89.5041	-110.583	1.36593	
-18.5786	-62.2871	4.50734	89.481	-111.417	4.45879	
-18.5596	-63.9669	9.23774	89.4556	-112.156	7.39704	
-18.5173	-65.4329	13.4821	89.441	-112.787	9.99237	
-18.4736	-66.5191	16.8405	89.442	-113.277	12.0961	
-18.452	-67.0422	18.8778	89.4735	-113.595	13.5792	
-18.4731	-66.8177	19.1583	89.5541	-113.713	14.3133	
-18.5456	-65.7449	17.4369	89.6895	-113.608	14.1938	
-18.6529	-63.9878	14.0838	89.8568	-113.307	13.297	
-18.7685	-61.7738	9.61984	90.0302	-112.846	11.7462	
-18.8661	-59.3108	4.52668	90.1963	-112.266	9.6873	
-18.9212	-56.7642	-0.797768	90.338	-111.585	7.31115	
-18.9288	-54.3258	-5.9129	90.492	-110.903	4.79177	
-18.8866	-52.1173	-10.5146	90.6379	-110.241	2.37111	
-18.8133	-50.2763	-14.2763	90.766	-109.665	0.280984	
-18.7426	-48.9388	-16.8798	90.8547	-109.246	-1.24232	
-18.7141	-48.2432	-18.0038	90.8751	-109.056	-1.96463	
-18.7532	-48.2817	-17.4283	90.8075	-109.142	-1.72721	
-18.8433	-48.9461	-15.379	90.6664	-109.463	-0.648859	
-18.9499	-50.0834	-12.1814	90.4793	-109.949	1.07632	
-19.0408	-51.5435	-8.15689	90.2701	-110.534	3.25253	
-19.0966	-53.1761	-3.63436	90.0537	-111.158	5.68849	
-19.1168	-54.8456	1.07789	89.8568	-111.802	8.18436	
-19.1044	-56.3527	5.54598	89.6455	-112.377	10.6016	
-19.0814	-57.5278	9.38608	89.4396	-112.873	12.7807	
-19.0722	-58.1687	12.1481	89.2486	-113.262	14.5967	
-19.1011	-58.0628	13.3611	89.0891	-113.523	15.9368	
-19.1827	-57.0716	12.7089	88.9754	-113.643	16.7177	
-19.3052	-55.3381	10.4661	88.9015	-113.647	16.9877	
-19.4462	-53.0841	7.07276	88.8558	-113.562	16.8183	
-19.5811	-50.5253	2.95797	88.8307	-113.413	16.2873	
-19.685	-47.8429	-1.5148	88.8064	-113.198	15.5042	
-19.752	-45.2562	-5.91294	88.8222	-112.997	14.5521	
-19.7737	-42.906	-9.95057	88.8513	-112.797	13.5799	
-19.76	-40.947	-13.3151	88.8811	-112.626	12.7241	
-19.7325	-39.5278	-15.7041	88.8884	-112.51	12.1238	
-19.7189	-38.7959	-16.8153	88.8433	-112.476	11.9169	
-19.738	-38.8541	-16.4357	88.7248	-112.543	12.1986	
-19.7819	-39.6129	-14.7345	88.5474	-112.698	12.9095	
-19.8281	-40.9411	-11.9657	88.3397	-112.918	13.947	
-19.8538	-42.711	-8.37755	88.1292	-113.182	15.2055	
-19.843	-44.7935	-4.21993	87.9363	-113.47	16.5793	
-19.7949	-47.0748	0.285958	87.7927	-113.795	17.949	
-19.7078	-49.3789	4.80394	87.6669	-114.095	19.2434	
-19.599	-51.5657	9.06249	87.5778	-114.38	20.367	
-19.4884	-53.4627	12.7294	87.5296	-114.638	21.253	
-19.3988	-54.8811	15.4392	87.533	-114.86	21.8527	
-19.3496	-55.6628	16.8881	87.6017	-115.039	22.1468	
-19.3433	-55.8192	17.1111	87.7335	-115.172	22.1805	
-19.3743	-55.4193	16.258	87.918	-115.254	21.9986	
-19.4331	-54.5448	14.5036	88.1412	-115.281	21.6324	
-19.5084	-53.2825	12.0333	88.3873	-115.246	21.1074	
-19.588	-51.7186	9.03024	88.642	-115.147	20.45	
-19.6598	-49.9346	5.66774	88.893	-114.98	19.6921	
-19.7083	-47.9854	2.06904	89.1121	-114.715	18.8886	
-19.7342	-45.9843	-1.53609	89.3303	-114.418	18.05	
-19.7254	-43.9673	-5.06181	89.5163	-114.051	17.2507	
-19.6813	-41.9879	-8.3986	89.6619	-113.62	16.5362	
-19.613	-40.072	-11.5191	89.7637	-113.145	15.9131	
-19.535	-38.2395	-14.4145	89.8186	-112.65	15.3773	
-19.4626	-36.5101	-17.0749	89.8228	-112.156	14.9236	
-19.412	-34.9034	-19.4893	89.7714	-111.685	14.5458	
-19.4003	-33.4387	-21.6457	89.6587	-111.259	14.2367	
-19.4457	-32.1353	-23.5316	89.478	-110.895	13.9883	
-19.5706	-31.0305	-25.102	89.252	-110.64	13.7853	
-19.7865	-30.1079	-26.4042	88.9171	-110.464	13.6321	
-20.1164	-29.4029	-27.3959	88.4918	-110.408	13.5137	
-20.5723	-28.9262	-28.0736	87.9727	-110.483	13.423	
-21.1385	-28.6537	-28.4726	87.3745	-110.672	13.3574	
-21.7908	-28.554	-28.637	86.7176	-110.952	13.3156	
-22.5037	-28.5964	-28.6099	86.0233	-111.302	13.2961	
-23.2505	-28.7509	-28.4335	85.3138	-111.699	13.2971	
-24.0039	-28.9875	-28.1489	84.6118	-112.122	13.3156	
-24.7335	-29.259	-27.8265	83.9098	-112.527	13.3518	
-25.4172	-29.5714	-27.443	83.293	-112.939	13.3931	
-26.0241	-29.8752	-27.0701	82.7508	-113.312	13.438	
-26.5265	-30.1397	-26.7465	82.3049	-113.624	13.4801	
-26.9037	-30.3403	-26.5025	81.9709	-113.859	13.5136	
-27.162	-30.4775	-26.3362	81.7426	-114.02	13.5373	
-27.3144	-30.5585	-26.2384	81.608	-114.115	13.5515	
-27.374	-30.5902	-26.2002	81.5553	-114.153	13.5572	
-27.3541	-30.5796	-26.213	81.5729	-114.14	13.5553	
-27.268	-30.5338	-26.2682	81.6489	-114.086	13.5472	
-27.1289	-30.4599	-26.3575	81.7719	-114	13.5342	
-26.9501	-30.3649	-26.4726	81.93	-113.888	13.5178	
-26.7449	-30.2558	-26.6051	82.1115	-113.76	13.4993	
-26.5265	-30.1397	-26.7465	82.3049	-113.624	13.4801	
